512  
4    

1    
  0.0045801749598502   0.0058194991441407   0.0067197787946113
  -0.0006036604   -0.0027859923   -0.0048625615
   0.0000001347    0.0013955939    0.0000045275
   0.0000003296    0.0013651665    0.0000161857
   0.0000000016    0.0013858874    0.0000129540
  -0.0000000174    0.0013812041    0.0000020340
  -0.0000000084    0.0013844710    0.0000006903
   0.0000003131    0.0013800087    0.0000032551
   0.0000000025    0.0013956411    0.0000044760
  -0.0000082768    0.0017699540    0.0002360788
  -0.0000002222    0.0013788541    0.0000057202
  -0.0000002141    0.0013851742   -0.0000009936
  -0.0000000047    0.0013817310    0.0000002962
   0.0000000243    0.0013926523    0.0000022244
   0.0000000017    0.0013962392    0.0000070741
   0.0000025797    0.0013827295    0.0000382593
  -0.0000000122    0.0013932480    0.0000102745
   0.0000051847   -0.0013930251   -0.0000011238
  -0.0000000187   -0.0013921779    0.0000001065
  -0.0000000395   -0.0013920173   -0.0000002141
  -0.0000000233   -0.0013920139   -0.0000000490
   0.0000000235   -0.0013920086   -0.0000000202
   0.0000000061   -0.0013920384   -0.0000000042
   0.0000000186   -0.0013919250   -0.0000000901
   0.0000000119   -0.0013920337   -0.0000000380
  -0.0000001055   -0.0013919753    0.0000005815
  -0.0000000435   -0.0013919719    0.0000000204
   0.0000000106   -0.0013919983   -0.0000000496
   0.0000000085   -0.0013920464   -0.0000000190
  -0.0000000004   -0.0013919713   -0.0000000458
   0.0000000036   -0.0013919819   -0.0000000475
   0.0000000502   -0.0013920778    0.0000000502
   0.0000000291   -0.0013920659    0.0000000193
   0.0002322507   -0.0009948228    0.0012570931
  -0.0000003808   -0.0014217970   -0.0000006159
   0.0000007674   -0.0014140900   -0.0000142809
   0.0000000036   -0.0014163020   -0.0000112572
   0.0000001863   -0.0014248202   -0.0000096178
   0.0000000141   -0.0014253723   -0.0000065503
  -0.0000254131   -0.0014758873   -0.0000417964
   0.0000000234   -0.0014215312   -0.0000010912
   0.0000157948   -0.0014289822   -0.0001380498
  -0.0000000869   -0.0014188717   -0.0000081084
  -0.0000001292   -0.0014254013   -0.0000045614
  -0.0000000148   -0.0014255699   -0.0000077285
  -0.0000001293   -0.0014204281   -0.0000002182
  -0.0000000146   -0.0014186479   -0.0000017006
   0.0000157580   -0.0011932186    0.0000670943
  -0.0000000871   -0.0014213955   -0.0000101294
   0.0000047949    0.0014244213    0.0000019378
   0.0000000082    0.0014233891    0.0000000127
  -0.0000000070    0.0014234543    0.0000000151
   0.0000000003    0.0014234742    0.0000000364
  -0.0000000032    0.0014234249    0.0000000336
  -0.0000000007    0.0014234475    0.0000000128
  -0.0000000176    0.0014232691    0.0000004649
  -0.0000000112    0.0014234943    0.0000000222
  -0.0000001228    0.0014234712    0.0000001792
   0.0000000179    0.0014233899   -0.0000000308
  -0.0000000009    0.0014234304    0.0000000272
  -0.0000000011    0.0014234181    0.0000000596
   0.0000000007    0.0014234700    0.0000000174
  -0.0000000007    0.0014235037   -0.0000000102
   0.0000000886    0.0014236978   -0.0000004242
  -0.0000000011    0.0014234603   -0.0000000163
  -0.0000000246    0.0013920341    0.0000000419
   0.0000000000    0.0013919941   -0.0000000072
  -0.0000000027    0.0013919889   -0.0000000087
  -0.0000000000    0.0013919962   -0.0000000003
  -0.0000000000    0.0013919966    0.0000000008
   0.0000000000    0.0013919950    0.0000000031
  -0.0000000027    0.0013920104   -0.0000000229
  -0.0000000000    0.0013919938    0.0000000057
  -0.0000000127    0.0013919900   -0.0000000010
  -0.0000000007    0.0013920011   -0.0000000044
  -0.0000000007    0.0013919941    0.0000000028
  -0.0000000001    0.0013919924    0.0000000007
  -0.0000000001    0.0013919964   -0.0000000000
   0.0000000000    0.0013919960    0.0000000027
  -0.0000000039    0.0013919926   -0.0000000088
  -0.0000000002    0.0013919903    0.0000000025
   0.0000052396   -0.0013930529   -0.0000011088
   0.0000000017   -0.0013921615    0.0000001064
   0.0000000302   -0.0013920082   -0.0000001743
   0.0000000197   -0.0013920077   -0.0000000249
  -0.0000000248   -0.0013920466   -0.0000000202
  -0.0000000048   -0.0013920470   -0.0000000042
  -0.0000000278   -0.0013919161   -0.0000001295
  -0.0000000154   -0.0013920277   -0.0000000619
   0.0000001730   -0.0013916715    0.0000005064
   0.0000000350   -0.0013919803    0.0000000814
  -0.0000000148   -0.0013920533   -0.0000000193
  -0.0000000076   -0.0013920560   -0.0000000216
  -0.0000000007   -0.0013919792   -0.0000000392
  -0.0000000060   -0.0013919837   -0.0000000526
  -0.0000001293   -0.0013920230   -0.0000001200
  -0.0000000403   -0.0013920967   -0.0000000015
  -0.0000000206   -0.0014234554    0.0000000056
  -0.0000000005   -0.0014234440    0.0000000036
  -0.0000000011   -0.0014234411    0.0000000042
  -0.0000000002   -0.0014234403   -0.0000000029
  -0.0000000003   -0.0014234460    0.0000000019
  -0.0000000001   -0.0014234429   -0.0000000005
  -0.0000000064   -0.0014234443   -0.0000000182
  -0.0000000003   -0.0014234431   -0.0000000016
  -0.0000000108   -0.0014234470   -0.0000000297
  -0.0000000005   -0.0014234425    0.0000000002
  -0.0000000005   -0.0014234435   -0.0000000001
  -0.0000000002   -0.0014234416   -0.0000000045
  -0.0000000005   -0.0014234425    0.0000000042
  -0.0000000002   -0.0014234419   -0.0000000008
  -0.0000000108   -0.0014233968    0.0000000174
  -0.0000000005   -0.0014234452   -0.0000000002
   0.0000006583    0.0014228140   -0.0000008529
  -0.0000000091    0.0014233875    0.0000000110
  -0.0000000021    0.0014234861    0.0000000066
   0.0000000009    0.0014234699    0.0000000143
   0.0000000028    0.0014234275    0.0000000592
   0.0000000009    0.0014234462    0.0000000220
  -0.0000000309    0.0014232340    0.0000004099
   0.0000000148    0.0014235189    0.0000000243
   0.0000000901    0.0014235403    0.0000001053
  -0.0000000232    0.0014233739   -0.0000000657
  -0.0000000002    0.0014234407    0.0000000390
   0.0000000019    0.0014234354    0.0000000672
  -0.0000000018    0.0014234803    0.0000000056
   0.0000000015    0.0014235208   -0.0000000179
  -0.0000001210    0.0014237665   -0.0000003500
  -0.0000000042    0.0014234444    0.0000000187
   0.0000024989    0.0014313066    0.0000111537
   0.0000024896    0.0014313073    0.0000110755
  -0.0000001969    0.0013905477    0.0000270121
  -0.0000001933    0.0013731119    0.0000118849
  -0.0000000188    0.0013813053    0.0000015730
  -0.0000000187    0.0013813086    0.0000015683
  -0.0000001930    0.0013952074   -0.0000073134
  -0.0000001939    0.0014125741    0.0000078265
  -0.0000002243    0.0013910833    0.0000163555
  -0.0000073454    0.0012489535   -0.0002149400
  -0.0000000045    0.0013852009    0.0000033120
  -0.0000002128    0.0013852256   -0.0000009532
   0.0000000018    0.0013938132    0.0000049546
   0.0000000241    0.0013929189    0.0000024584
  -0.0000000110    0.0013897460    0.0000072383
   0.0000025939    0.0014145691    0.0000657449
  -0.0000002099   -0.0013920407    0.0000001633
   0.0000000786   -0.0013922176    0.0000000631
  -0.0000000511   -0.0013920812   -0.0000000264
  -0.0000000427   -0.0013920124   -0.0000000887
   0.0000000257   -0.0013920026    0.0000000187
   0.0000000159   -0.0013920476   -0.0000000106
  -0.0000000104   -0.0013920967   -0.0000000088
   0.0000000408   -0.0013920533   -0.0000000629
  -0.0000000449   -0.0013920651    0.0000000209
  -0.0000001781   -0.0013915931   -0.0000004074
   0.0000000070   -0.0013920453   -0.0000000206
   0.0000000135   -0.0013920265   -0.0000000699
   0.0000000024   -0.0013919887   -0.0000000301
  -0.0000000012   -0.0013919714   -0.0000000410
   0.0000000191   -0.0013920135    0.0000000799
   0.0000001946   -0.0013918296    0.0000003016
  -0.0000254658   -0.0014433890    0.0000508544
  -0.0000002824   -0.0014109085    0.0000175493
   0.0000000987   -0.0014145188   -0.0000193509
  -0.0000004112   -0.0014130296   -0.0000149442
   0.0000000077   -0.0014245488   -0.0000090795
   0.0000001066   -0.0014279277   -0.0000111300
  -0.0000004084   -0.0014125743    0.0000171978
   0.0000009637   -0.0014250978   -0.0000002691
   0.0000013356   -0.0014212280   -0.0000105774
  -0.0000260703   -0.0013620773   -0.0000491234
  -0.0000000162   -0.0014281000   -0.0000096988
  -0.0000003752   -0.0014250768   -0.0000043249
  -0.0000000161   -0.0014154929    0.0000013090
  -0.0000003755   -0.0014200797    0.0000000396
   0.0000013285   -0.0014103291   -0.0000008927
  -0.0000261370   -0.0014179015   -0.0000969981
  -0.0000000308    0.0014234063    0.0000001622
   0.0000000813    0.0014231188    0.0000000370
  -0.0000000010    0.0014234634    0.0000000229
  -0.0000000000    0.0014235080    0.0000000945
   0.0000000002    0.0014234428   -0.0000000405
  -0.0000000031    0.0014234190    0.0000000489
  -0.0000000127    0.0014234875   -0.0000000204
   0.0000000186    0.0014235932   -0.0000000785
  -0.0000000048    0.0014234340   -0.0000000357
  -0.0000001137    0.0014235022    0.0000001864
  -0.0000000002    0.0014234288    0.0000000391
  -0.0000000024    0.0014234372    0.0000000486
  -0.0000000054    0.0014234816   -0.0000000125
  -0.0000000004    0.0014234401    0.0000000178
   0.0000000074    0.0014234453   -0.0000000660
   0.0000000671    0.0014236165    0.0000003053
  -0.0000000039    0.0013919825   -0.0000000077
  -0.0000000039    0.0013919812   -0.0000000071
  -0.0000000007    0.0013919946    0.0000000012
  -0.0000000007    0.0013919908   -0.0000000011
   0.0000000000    0.0013919928    0.0000000021
   0.0000000000    0.0013919915    0.0000000017
  -0.0000000007    0.0013919895    0.0000000060
  -0.0000000007    0.0013919907    0.0000000081
  -0.0000000007    0.0013919983   -0.0000000087
  -0.0000000127    0.0013920125    0.0000000182
  -0.0000000001    0.0013919933    0.0000000011
  -0.0000000007    0.0013919869   -0.0000000031
   0.0000000000    0.0013919959    0.0000000027
  -0.0000000001    0.0013919969    0.0000000009
  -0.0000000002    0.0013919943    0.0000000046
  -0.0000000039    0.0013919841   -0.0000000161
   0.0000001112   -0.0013917872    0.0000001632
  -0.0000001622   -0.0013924067    0.0000000628
   0.0000000437   -0.0013920385    0.0000000013
   0.0000000341   -0.0013920179   -0.0000000313
  -0.0000000256   -0.0013920430    0.0000000187
  -0.0000000158   -0.0013920726   -0.0000000106
   0.0000000030   -0.0013920541   -0.0000000366
  -0.0000000493   -0.0013920587   -0.0000001197
   0.0000000346   -0.0013920153    0.0000000320
   0.0000002425   -0.0013916646   -0.0000000568
  -0.0000000059   -0.0013920591   -0.0000000174
  -0.0000000184   -0.0013920759   -0.0000000487
  -0.0000000044   -0.0013919907   -0.0000000331
   0.0000000002   -0.0013919758   -0.0000000361
  -0.0000000297   -0.0013920178    0.0000000503
  -0.0000002919   -0.0013919692    0.0000000906
  -0.0000000065   -0.0014234616   -0.0000000143
  -0.0000000026   -0.0014234379    0.0000000124
  -0.0000000006   -0.0014234394   -0.0000000000
  -0.0000000004   -0.0014234381   -0.0000000035
  -0.0000000002   -0.0014234425    0.0000000009
  -0.0000000002   -0.0014234433   -0.0000000015
  -0.0000000025   -0.0014234304    0.0000000078
  -0.0000000012   -0.0014234377   -0.0000000076
  -0.0000000012   -0.0014234414    0.0000000025
  -0.0000000066   -0.0014234478   -0.0000000027
  -0.0000000002   -0.0014234451   -0.0000000043
  -0.0000000003   -0.0014234420   -0.0000000003
  -0.0000000002   -0.0014234417    0.0000000020
  -0.0000000003   -0.0014234444    0.0000000008
  -0.0000000012   -0.0014234511   -0.0000000039
  -0.0000000066   -0.0014234626   -0.0000000131
   0.0000000111    0.0014233842    0.0000000946
  -0.0000001253    0.0014231206    0.0000001226
   0.0000000068    0.0014234648   -0.0000000247
  -0.0000000067    0.0014235232    0.0000000525
   0.0000000014    0.0014234415   -0.0000000090
   0.0000000024    0.0014234168    0.0000000696
   0.0000000107    0.0014235001   -0.0000000232
  -0.0000000316    0.0014236684   -0.0000000986
   0.0000000065    0.0014234377   -0.0000000682
  -0.0000000825    0.0014235156    0.0000001118
   0.0000000022    0.0014234359    0.0000000437
   0.0000000020    0.0014234466    0.0000000622
   0.0000000075    0.0014234886   -0.0000000171
   0.0000000001    0.0014234494    0.0000000041
  -0.0000000056    0.0014234491   -0.0000000333
  -0.0000002634    0.0014236299    0.0000003783
  -0.0000084174    0.0012619731    0.0002986394
   0.0000000423    0.0013877827    0.0000024476
  -0.0000000937    0.0013941189    0.0000085233
   0.0000000159    0.0013943412    0.0000049675
  -0.0000000972    0.0013884049    0.0000134927
   0.0000000157    0.0013869672    0.0000113781
  -0.0000075508    0.0011183874    0.0004212148
   0.0000000417    0.0013894668    0.0000009905
   0.0000026102    0.0014267402    0.0000553561
  -0.0000000116    0.0013948445    0.0000028084
   0.0000000237    0.0013838323    0.0000103613
   0.0000000016    0.0013836208    0.0000138119
  -0.0000002112    0.0013679803    0.0000140249
  -0.0000000049    0.0013877008    0.0000011420
  -0.0000075631    0.0014004174   -0.0003473353
  -0.0000002221    0.0014085443    0.0000011477
   0.0000000552   -0.0013917028    0.0000003490
   0.0000000067   -0.0013920276   -0.0000000474
  -0.0000000188   -0.0013919654   -0.0000000728
  -0.0000000047   -0.0013919828   -0.0000000149
   0.0000000275   -0.0013919890   -0.0000000579
   0.0000000143   -0.0013920390   -0.0000000472
   0.0000003297   -0.0013921882    0.0000001236
   0.0000000027   -0.0013919801   -0.0000000055
  -0.0000001988   -0.0013921999   -0.0000002256
  -0.0000000010   -0.0013920105    0.0000000468
   0.0000000092   -0.0013920115   -0.0000000736
  -0.0000000040   -0.0013920309   -0.0000000945
   0.0000000548   -0.0013919807   -0.0000000018
   0.0000000047   -0.0013920184    0.0000000049
  -0.0000002145   -0.0013925898   -0.0000000208
   0.0000000457   -0.0013921731   -0.0000000924
  -0.0000254073   -0.0013886581    0.0000340834
   0.0000000216   -0.0014284588   -0.0000071889
   0.0000001851   -0.0014146301   -0.0000007703
   0.0000000141   -0.0014174686    0.0000002664
   0.0000007634   -0.0014023536   -0.0000040603
   0.0000000035   -0.0014157556   -0.0000106673
   0.0002377646    0.0000713136    0.0022008850
  -0.0000003809   -0.0014270191   -0.0000050411
  -0.0000000778   -0.0013990178   -0.0000143485
   0.0000001354   -0.0014168481    0.0000023358
  -0.0000000074   -0.0014128102   -0.0000088458
  -0.0000000372   -0.0014159014   -0.0000142792
  -0.0000000731   -0.0014160979   -0.0000292112
   0.0000001353   -0.0014275818   -0.0000068730
   0.0002332016    0.0002942531    0.0007754648
   0.0000001817   -0.0014271297    0.0000042012
  -0.0000000770    0.0014235902    0.0000000609
  -0.0000000085    0.0014234472    0.0000000484
   0.0000000009    0.0014234704    0.0000000230
   0.0000000022    0.0014234687   -0.0000000190
  -0.0000000036    0.0014234291    0.0000000607
   0.0000000029    0.0014234835    0.0000000400
   0.0000021324    0.0014236013   -0.0000017140
  -0.0000000505    0.0014236428   -0.0000001113
   0.0000000088    0.0014234791    0.0000000008
   0.0000000091    0.0014234231   -0.0000000255
  -0.0000000007    0.0014234667    0.0000000607
   0.0000000016    0.0014234930    0.0000000824
   0.0000000322    0.0014235901   -0.0000001095
  -0.0000000137    0.0014235090   -0.0000000510
  -0.0000002751    0.0014237619    0.0000000805
  -0.0000000567    0.0014235841    0.0000001120
  -0.0000000128    0.0013920055   -0.0000000021
  -0.0000000002    0.0013919949   -0.0000000042
  -0.0000000003    0.0013919969   -0.0000000009
   0.0000000001    0.0013919969   -0.0000000005
  -0.0000000003    0.0013919993    0.0000000003
   0.0000000001    0.0013919938    0.0000000050
  -0.0000000127    0.0013920210   -0.0000000119
  -0.0000000002    0.0013919947   -0.0000000011
  -0.0000000039    0.0013919844   -0.0000000171
  -0.0000000002    0.0013919985   -0.0000000004
  -0.0000000001    0.0013919953    0.0000000038
   0.0000000000    0.0013919938    0.0000000051
  -0.0000000007    0.0013919937   -0.0000000068
  -0.0000000001    0.0013919939    0.0000000014
  -0.0000000127    0.0013920009    0.0000000302
  -0.0000000007    0.0013919912   -0.0000000016
   0.0000000220   -0.0013919466    0.0000005373
  -0.0000000074   -0.0013920355   -0.0000000502
   0.0000000109   -0.0013919785   -0.0000000410
   0.0000000012   -0.0013919933   -0.0000000018
  -0.0000000353   -0.0013920021   -0.0000000895
  -0.0000000178   -0.0013920493   -0.0000000602
  -0.0000002587   -0.0013924302   -0.0000000693
  -0.0000000034   -0.0013919882   -0.0000000028
   0.0000001193   -0.0013921451   -0.0000000557
  -0.0000000102   -0.0013920413    0.0000000674
  -0.0000000103   -0.0013920193   -0.0000000801
   0.0000000017   -0.0013920325   -0.0000000891
  -0.0000000590   -0.0013920356   -0.0000000320
  -0.0000000038   -0.0013920282    0.0000000075
   0.0000002780   -0.0013922840    0.0000000514
  -0.0000000541   -0.0013921814   -0.0000001533
  -0.0000000064   -0.0014234476   -0.0000000208
  -0.0000000003   -0.0014234418   -0.0000000020
  -0.0000000003   -0.0014234440    0.0000000049
  -0.0000000001   -0.0014234416    0.0000000021
  -0.0000000011   -0.0014234512   -0.0000000027
  -0.0000000002   -0.0014234418   -0.0000000027
  -0.0000000206   -0.0014234284    0.0000000307
  -0.0000000005   -0.0014234463    0.0000000035
  -0.0000000025   -0.0014234381    0.0000000028
  -0.0000000003   -0.0014234422   -0.0000000024
  -0.0000000002   -0.0014234425    0.0000000016
  -0.0000000002   -0.0014234407   -0.0000000016
  -0.0000000025   -0.0014234342    0.0000000110
  -0.0000000003   -0.0014234434    0.0000000007
  -0.0000000208   -0.0014234217   -0.0000000084
  -0.0000000007   -0.0014234436    0.0000000028
   0.0000000283    0.0014235546    0.0000001161
   0.0000000122    0.0014234719    0.0000000462
  -0.0000000013    0.0014234729   -0.0000000028
  -0.0000000020    0.0014234672   -0.0000000282
  -0.0000000054    0.0014234609    0.0000000691
  -0.0000000017    0.0014234792    0.0000000621
   0.0000032610    0.0014220095    0.0000010609
   0.0000000496    0.0014236411   -0.0000001093
   0.0000000069    0.0014234353   -0.0000000908
  -0.0000000088    0.0014234214   -0.0000000268
  -0.0000000022    0.0014234902    0.0000000607
  -0.0000000020    0.0014234957    0.0000000822
  -0.0000000166    0.0014235464   -0.0000000178
   0.0000000139    0.0014235073   -0.0000000495
   0.0000000994    0.0014236998    0.0000000803
   0.0000000760    0.0014236935    0.0000001119
   0.0000000288    0.0014004800    0.0000043041
   0.0000000024    0.0013733163   -0.0000192768
   0.0000000510    0.0013971393    0.0000093489
   0.0000000504    0.0013940208    0.0000066442
   0.0000000500    0.0013840992    0.0000152701
   0.0000000503    0.0013872139    0.0000179659
   0.0000000058    0.0013754976   -0.0000211745
  -0.0000000021    0.0014024874    0.0000024631
  -0.0000000105    0.0013983381    0.0000058557
   0.0000025861    0.0013948878    0.0000277154
   0.0000000015    0.0013860602    0.0000159258
   0.0000000239    0.0013835627    0.0000101286
  -0.0000000048    0.0013842405   -0.0000018785
  -0.0000002120    0.0013679491    0.0000139559
  -0.0000002227    0.0013963546   -0.0000094883
  -0.0000071791    0.0019163730    0.0001020738
  -0.0000000340   -0.0013921392   -0.0000001251
   0.0000000186   -0.0013920405    0.0000000017
  -0.0000000219   -0.0013919866   -0.0000000079
  -0.0000000130   -0.0013919797   -0.0000000523
   0.0000000335   -0.0013920313   -0.0000000060
   0.0000000378   -0.0013920512   -0.0000000765
   0.0000000111   -0.0013919661    0.0000000583
   0.0000000180   -0.0013920955   -0.0000000425
  -0.0000000241   -0.0013920561    0.0000000135
  -0.0000001148   -0.0013918986    0.0000000294
  -0.0000000021   -0.0013920377   -0.0000000748
   0.0000000057   -0.0013920298   -0.0000000861
   0.0000000117   -0.0013920074    0.0000000174
   0.0000000443   -0.0013919982   -0.0000000224
  -0.0000000284   -0.0013921315   -0.0000000247
   0.0000003319   -0.0013917335   -0.0000001789
  -0.0000004141   -0.0014509088   -0.0000163471
   0.0000009575   -0.0014245583    0.0000001089
   0.0000000076   -0.0014147836   -0.0000006091
   0.0000001064   -0.0014150102    0.0000000396
   0.0000000978   -0.0014010338   -0.0000075213
  -0.0000004128   -0.0014197655   -0.0000206814
  -0.0000254187   -0.0014963312    0.0000053113
  -0.0000002831   -0.0014455408   -0.0000123601
  -0.0000000865   -0.0014212667   -0.0000003877
   0.0000035686   -0.0014028731   -0.0000086000
  -0.0000000026   -0.0014126288   -0.0000126078
  -0.0000000434   -0.0014131131   -0.0000089690
  -0.0000000871   -0.0014257827   -0.0000041875
   0.0000035781   -0.0014486529   -0.0000481940
   0.0000031318   -0.0014538159   -0.0000022412
   0.0000171789   -0.0015005833    0.0001714832
  -0.0000000230    0.0014234260   -0.0000000117
  -0.0000000103    0.0014234072    0.0000000699
   0.0000000017    0.0014234651   -0.0000000267
   0.0000000016    0.0014234874    0.0000000117
   0.0000000123    0.0014235009   -0.0000000356
   0.0000000059    0.0014234776    0.0000000718
  -0.0000000492    0.0014235702   -0.0000001865
  -0.0000000986    0.0014241095   -0.0000000200
   0.0000000046    0.0014234494   -0.0000000150
  -0.0000000176    0.0014235969    0.0000000361
   0.0000000020    0.0014234893    0.0000000641
   0.0000000001    0.0014234760    0.0000000765
  -0.0000000120    0.0014234982   -0.0000000733
   0.0000000046    0.0014233267    0.0000000433
  -0.0000000515    0.0014236070    0.0000000466
   0.0000012367    0.0014223336   -0.0000005308
  -0.0000000027    0.0013919860   -0.0000000194
  -0.0000000027    0.0013920029   -0.0000000035
  -0.0000000000    0.0013919947   -0.0000000001
  -0.0000000000    0.0013919911   -0.0000000023
  -0.0000000000    0.0013919918    0.0000000018
  -0.0000000000    0.0013919928    0.0000000036
  -0.0000000027    0.0013919865    0.0000000151
  -0.0000000027    0.0013919671   -0.0000000004
  -0.0000000002    0.0013919971   -0.0000000028
  -0.0000000039    0.0013919928   -0.0000000099
   0.0000000000    0.0013919945    0.0000000058
  -0.0000000001    0.0013919936    0.0000000028
  -0.0000000001    0.0013919945    0.0000000015
  -0.0000000007    0.0013920003   -0.0000000009
  -0.0000000007    0.0013919973    0.0000000017
  -0.0000000127    0.0013919789    0.0000000111
   0.0000000265   -0.0013921269   -0.0000000942
  -0.0000000263   -0.0013920755    0.0000000012
   0.0000000152   -0.0013920010    0.0000000300
   0.0000000058   -0.0013920052   -0.0000000173
  -0.0000000401   -0.0013920456   -0.0000000439
  -0.0000000449   -0.0013920763   -0.0000001112
  -0.0000000187   -0.0013919542    0.0000000274
  -0.0000000257   -0.0013921306   -0.0000000418
   0.0000000134   -0.0013920604    0.0000000431
   0.0000000166   -0.0013920390    0.0000002415
   0.0000000002   -0.0013920395   -0.0000000717
  -0.0000000067   -0.0013920341   -0.0000000908
  -0.0000000105   -0.0013920213    0.0000000141
  -0.0000000492   -0.0013920476   -0.0000000434
   0.0000000181   -0.0013920818   -0.0000000359
  -0.0000002696   -0.0013918063   -0.0000005284
  -0.0000000025   -0.0014234380    0.0000000020
  -0.0000000012   -0.0014234387   -0.0000000082
  -0.0000000002   -0.0014234423    0.0000000029
  -0.0000000002   -0.0014234407    0.0000000029
  -0.0000000006   -0.0014234382    0.0000000011
  -0.0000000004   -0.0014234410   -0.0000000059
  -0.0000000065   -0.0014234470    0.0000000015
  -0.0000000026   -0.0014234373    0.0000000133
  -0.0000000005   -0.0014234426   -0.0000000011
  -0.0000000017   -0.0014234404   -0.0000000089
  -0.0000000001   -0.0014234430   -0.0000000004
  -0.0000000001   -0.0014234423    0.0000000012
  -0.0000000005   -0.0014234418    0.0000000031
  -0.0000000017   -0.0014234536   -0.0000000174
  -0.0000000018   -0.0014234573   -0.0000000037
  -0.0000000111   -0.0014234578    0.0000000389
   0.0000000210    0.0014234387   -0.0000000089
  -0.0000000028    0.0014234828    0.0000000898
  -0.0000000000    0.0014234638   -0.0000000581
  -0.0000000024    0.0014234851   -0.0000000092
  -0.0000000065    0.0014235022    0.0000000120
  -0.0000000126    0.0014234928    0.0000001135
   0.0000000295    0.0014235480   -0.0000001188
   0.0000000547    0.0014241106   -0.0000001052
  -0.0000000054    0.0014234416   -0.0000000353
   0.0000000017    0.0014235553   -0.0000000109
   0.0000000023    0.0014234836    0.0000000640
  -0.0000000035    0.0014234954    0.0000000764
   0.0000000112    0.0014234903   -0.0000000530
  -0.0000000204    0.0014232855    0.0000000901
   0.0000000472    0.0014235913    0.0000000466
   0.0000042123    0.0014256133   -0.0000005260

1    
 -0.0045801749598502  -0.0058194991441407  -0.0067197787946113
   0.0006036318    0.0055637489    0.0048194542
  -0.0000001351    0.0013884404   -0.0000045591
  -0.0000003025    0.0014189388   -0.0000161666
  -0.0000000025    0.0013981518   -0.0000130395
   0.0000000177    0.0014027801   -0.0000020689
   0.0000000083    0.0013995228   -0.0000007040
  -0.0000003192    0.0014040970   -0.0000033884
  -0.0000000017    0.0013882976   -0.0000045378
   0.0000070384    0.0010183557   -0.0002340387
   0.0000002250    0.0014053030   -0.0000057150
   0.0000002093    0.0013987039    0.0000009138
   0.0000000043    0.0014022665   -0.0000003098
  -0.0000000236    0.0013912957   -0.0000022835
  -0.0000000016    0.0013876763   -0.0000071613
  -0.0000025953    0.0014013135   -0.0000385435
   0.0000000119    0.0013907331   -0.0000103540
  -0.0000052926   -0.0013909791    0.0000011048
   0.0000000189   -0.0013918137   -0.0000001111
   0.0000000392   -0.0013919718    0.0000002103
   0.0000000232   -0.0013919772    0.0000000461
  -0.0000000236   -0.0013919809    0.0000000235
  -0.0000000062   -0.0013919525    0.0000000073
  -0.0000000188   -0.0013920645    0.0000000944
  -0.0000000120   -0.0013919573    0.0000000427
   0.0000001135   -0.0013920110   -0.0000005773
   0.0000000439   -0.0013920197   -0.0000000210
  -0.0000000105   -0.0013919914    0.0000000491
  -0.0000000087   -0.0013919433    0.0000000186
   0.0000000004   -0.0013920191    0.0000000471
  -0.0000000038   -0.0013920082    0.0000000494
  -0.0000000504   -0.0013919142   -0.0000000523
  -0.0000000293   -0.0013919248   -0.0000000199
  -0.0002349843   -0.0018502982   -0.0012668658
   0.0000003828   -0.0014251152    0.0000006455
  -0.0000007540   -0.0014327353    0.0000143788
  -0.0000000030   -0.0014305751    0.0000113640
  -0.0000001856   -0.0014220173    0.0000096859
  -0.0000000141   -0.0014214725    0.0000065975
   0.0000253373   -0.0013703137    0.0000424327
  -0.0000000226   -0.0014253639    0.0000011257
  -0.0000157370   -0.0014166756    0.0001386577
   0.0000000869   -0.0014279976    0.0000081882
   0.0000001291   -0.0014214521    0.0000045790
   0.0000000141   -0.0014212796    0.0000077720
   0.0000001290   -0.0014264487    0.0000002682
   0.0000000143   -0.0014282566    0.0000017426
  -0.0000157734   -0.0016550973   -0.0000674087
   0.0000000866   -0.0014254904    0.0000102256
  -0.0000047155    0.0014224801   -0.0000019117
  -0.0000000085    0.0014234992   -0.0000000131
   0.0000000069    0.0014234325   -0.0000000159
  -0.0000000002    0.0014234120   -0.0000000378
   0.0000000032    0.0014234619   -0.0000000325
   0.0000000007    0.0014234391   -0.0000000115
   0.0000000184    0.0014236175   -0.0000004639
   0.0000000112    0.0014233929   -0.0000000225
   0.0000001227    0.0014234130   -0.0000001846
  -0.0000000180    0.0014234942    0.0000000249
   0.0000000009    0.0014234543   -0.0000000309
   0.0000000011    0.0014234667   -0.0000000633
  -0.0000000007    0.0014234149   -0.0000000145
   0.0000000007    0.0014233803    0.0000000131
  -0.0000000892    0.0014231888    0.0000004258
   0.0000000013    0.0014234258    0.0000000163
   0.0000000246    0.0013919577   -0.0000000447
  -0.0000000000    0.0013919968    0.0000000042
   0.0000000027    0.0013920022    0.0000000047
   0.0000000000    0.0013919940   -0.0000000037
  -0.0000000000    0.0013919944    0.0000000025
  -0.0000000000    0.0013919951    0.0000000002
   0.0000000027    0.0013919814    0.0000000270
   0.0000000000    0.0013919970   -0.0000000014
   0.0000000126    0.0013920002    0.0000000000
   0.0000000007    0.0013919891    0.0000000031
   0.0000000007    0.0013919954   -0.0000000032
   0.0000000001    0.0013919970   -0.0000000012
   0.0000000001    0.0013919932    0.0000000009
  -0.0000000001    0.0013919936   -0.0000000017
   0.0000000039    0.0013919978    0.0000000088
   0.0000000002    0.0013920000   -0.0000000023
  -0.0000051310   -0.0013909230    0.0000011197
  -0.0000000020   -0.0013918298   -0.0000001112
  -0.0000000299   -0.0013919807    0.0000001710
  -0.0000000197   -0.0013919832    0.0000000222
   0.0000000249   -0.0013919427    0.0000000235
   0.0000000049   -0.0013919438    0.0000000073
   0.0000000281   -0.0013920735    0.0000001342
   0.0000000156   -0.0013919634    0.0000000668
  -0.0000001728   -0.0013923183   -0.0000005081
  -0.0000000354   -0.0013920114   -0.0000000821
   0.0000000147   -0.0013919366    0.0000000188
   0.0000000079   -0.0013919333    0.0000000213
   0.0000000007   -0.0013920113    0.0000000405
   0.0000000061   -0.0013920065    0.0000000547
   0.0000001297   -0.0013919692    0.0000001176
   0.0000000406   -0.0013918937    0.0000000007
   0.0000000205   -0.0014234322   -0.0000000067
   0.0000000005   -0.0014234420   -0.0000000048
   0.0000000011   -0.0014234456   -0.0000000046
   0.0000000002   -0.0014234450    0.0000000024
   0.0000000002   -0.0014234409   -0.0000000009
   0.0000000001   -0.0014234425    0.0000000014
   0.0000000064   -0.0014234434    0.0000000182
   0.0000000003   -0.0014234431    0.0000000018
   0.0000000107   -0.0014234412    0.0000000239
   0.0000000005   -0.0014234454   -0.0000000059
   0.0000000004   -0.0014234439   -0.0000000033
   0.0000000001   -0.0014234457    0.0000000010
   0.0000000004   -0.0014234453   -0.0000000009
   0.0000000001   -0.0014234458    0.0000000041
   0.0000000108   -0.0014234923   -0.0000000181
   0.0000000005   -0.0014234439   -0.0000000004
  -0.0000006489    0.0014240731    0.0000008500
   0.0000000094    0.0014235009   -0.0000000113
   0.0000000021    0.0014234005   -0.0000000076
  -0.0000000009    0.0014234162   -0.0000000157
  -0.0000000028    0.0014234594   -0.0000000583
  -0.0000000009    0.0014234405   -0.0000000207
   0.0000000304    0.0014236530   -0.0000004090
  -0.0000000148    0.0014233680   -0.0000000246
  -0.0000000904    0.0014233443   -0.0000001107
   0.0000000233    0.0014235099    0.0000000599
   0.0000000002    0.0014234440   -0.0000000428
  -0.0000000019    0.0014234495   -0.0000000712
   0.0000000018    0.0014234046   -0.0000000026
  -0.0000000015    0.0014233628    0.0000000208
   0.0000001216    0.0014231197    0.0000003521
   0.0000000040    0.0014234418   -0.0000000187
  -0.0000025074    0.0013528072   -0.0000111440
  -0.0000025168    0.0013528090   -0.0000112234
   0.0000001914    0.0013934578   -0.0000271488
   0.0000001950    0.0014110482   -0.0000119413
   0.0000000186    0.0014026779   -0.0000015992
   0.0000000186    0.0014026807   -0.0000016049
   0.0000001954    0.0013887858    0.0000072758
   0.0000001944    0.0013711248   -0.0000079181
   0.0000002230    0.0013929432   -0.0000163758
   0.0000079613    0.0015373184    0.0002155736
   0.0000000044    0.0013987774   -0.0000033205
   0.0000002107    0.0013986812    0.0000008900
  -0.0000000015    0.0013901394   -0.0000050467
  -0.0000000238    0.0013910246   -0.0000025166
   0.0000000131    0.0013942551   -0.0000073080
  -0.0000025804    0.0013690105   -0.0000666095
   0.0000002098   -0.0013919497   -0.0000001668
  -0.0000000782   -0.0013917721   -0.0000000692
   0.0000000511   -0.0013919072    0.0000000233
   0.0000000427   -0.0013919759    0.0000000858
  -0.0000000257   -0.0013919856   -0.0000000159
  -0.0000000160   -0.0013919405    0.0000000142
   0.0000000103   -0.0013918915    0.0000000131
  -0.0000000414   -0.0013919350    0.0000000687
   0.0000000449   -0.0013919248   -0.0000000216
   0.0000001801   -0.0013923959    0.0000004056
  -0.0000000071   -0.0013919430    0.0000000202
  -0.0000000135   -0.0013919625    0.0000000698
  -0.0000000025   -0.0013919998    0.0000000317
   0.0000000013   -0.0013920177    0.0000000424
  -0.0000000192   -0.0013919756   -0.0000000808
  -0.0000001967   -0.0013921579   -0.0000002984
   0.0000254648   -0.0014033600   -0.0000506703
   0.0000002889   -0.0014361758   -0.0000175015
  -0.0000000971   -0.0014322793    0.0000195172
   0.0000004139   -0.0014338627    0.0000150892
  -0.0000000077   -0.0014222912    0.0000091342
  -0.0000001064   -0.0014188758    0.0000112266
   0.0000004113   -0.0014343505   -0.0000171930
  -0.0000009661   -0.0014217734    0.0000002376
  -0.0000013313   -0.0014255852    0.0000106391
   0.0000261659   -0.0014847652    0.0000496556
   0.0000000159   -0.0014187107    0.0000097401
   0.0000003733   -0.0014217796    0.0000043447
   0.0000000160   -0.0014314303   -0.0000012611
   0.0000003730   -0.0014267599    0.0000000295
  -0.0000013385   -0.0014366640    0.0000009245
   0.0000260962   -0.0014288795    0.0000980549
   0.0000000304    0.0014234791   -0.0000001628
  -0.0000000823    0.0014237667   -0.0000000369
   0.0000000010    0.0014234203   -0.0000000239
   0.0000000001    0.0014233757   -0.0000000958
  -0.0000000002    0.0014234413    0.0000000421
   0.0000000032    0.0014234649   -0.0000000482
   0.0000000127    0.0014233976    0.0000000203
  -0.0000000187    0.0014232906    0.0000000773
   0.0000000048    0.0014234526    0.0000000301
   0.0000001143    0.0014233821   -0.0000001917
   0.0000000001    0.0014234578   -0.0000000428
   0.0000000024    0.0014234472   -0.0000000521
   0.0000000055    0.0014234048    0.0000000155
   0.0000000005    0.0014234442   -0.0000000150
  -0.0000000075    0.0014234429    0.0000000664
  -0.0000000670    0.0014232699   -0.0000003055
   0.0000000038    0.0013920089    0.0000000047
   0.0000000039    0.0013920077    0.0000000041
   0.0000000007    0.0013919960   -0.0000000052
   0.0000000007    0.0013919975   -0.0000000029
  -0.0000000000    0.0013919977    0.0000000012
  -0.0000000000    0.0013919967    0.0000000016
   0.0000000007    0.0013920017   -0.0000000017
   0.0000000007    0.0013919981   -0.0000000038
   0.0000000007    0.0013919937    0.0000000075
   0.0000000127    0.0013919779   -0.0000000194
   0.0000000001    0.0013919979   -0.0000000016
   0.0000000007    0.0013920028    0.0000000026
  -0.0000000001    0.0013919954   -0.0000000018
   0.0000000001    0.0013919930    0.0000000000
   0.0000000002    0.0013919978   -0.0000000045
   0.0000000039    0.0013920065    0.0000000163
  -0.0000001119   -0.0013922021   -0.0000001670
   0.0000001620   -0.0013915825   -0.0000000696
  -0.0000000438   -0.0013919496   -0.0000000045
  -0.0000000341   -0.0013919704    0.0000000290
   0.0000000257   -0.0013919452   -0.0000000159
   0.0000000161   -0.0013919152    0.0000000142
  -0.0000000030   -0.0013919340    0.0000000407
   0.0000000501   -0.0013919294    0.0000001261
  -0.0000000347   -0.0013919743   -0.0000000329
  -0.0000002475   -0.0013923271    0.0000000565
   0.0000000060   -0.0013919290    0.0000000170
   0.0000000185   -0.0013919128    0.0000000485
   0.0000000044   -0.0013919980    0.0000000347
  -0.0000000002   -0.0013920133    0.0000000376
   0.0000000299   -0.0013919712   -0.0000000513
   0.0000002953   -0.0013920170   -0.0000000856
   0.0000000065   -0.0014234231    0.0000000131
   0.0000000025   -0.0014234469   -0.0000000135
   0.0000000005   -0.0014234446   -0.0000000004
   0.0000000004   -0.0014234460    0.0000000031
   0.0000000002   -0.0014234416    0.0000000000
   0.0000000001   -0.0014234409    0.0000000024
   0.0000000025   -0.0014234545   -0.0000000076
   0.0000000012   -0.0014234473    0.0000000077
   0.0000000011   -0.0014234462   -0.0000000083
   0.0000000066   -0.0014234371   -0.0000000030
   0.0000000002   -0.0014234418    0.0000000008
   0.0000000003   -0.0014234421   -0.0000000031
   0.0000000002   -0.0014234457    0.0000000013
   0.0000000003   -0.0014234403    0.0000000025
   0.0000000011   -0.0014234378    0.0000000033
   0.0000000066   -0.0014234236    0.0000000124
  -0.0000000108    0.0014235011   -0.0000000953
   0.0000001265    0.0014237655   -0.0000001228
  -0.0000000068    0.0014234188    0.0000000236
   0.0000000067    0.0014233601   -0.0000000541
  -0.0000000014    0.0014234427    0.0000000106
  -0.0000000024    0.0014234673   -0.0000000692
  -0.0000000106    0.0014233849    0.0000000230
   0.0000000319    0.0014232146    0.0000000975
  -0.0000000066    0.0014234488    0.0000000628
   0.0000000821    0.0014233678   -0.0000001181
  -0.0000000021    0.0014234508   -0.0000000474
  -0.0000000021    0.0014234379   -0.0000000659
  -0.0000000075    0.0014233976    0.0000000201
  -0.0000000001    0.0014234349   -0.0000000013
   0.0000000057    0.0014234392    0.0000000338
   0.0000002632    0.0014232555   -0.0000003806
   0.0000072792    0.0015202066   -0.0002970989
  -0.0000000424    0.0013961892   -0.0000024616
   0.0000000960    0.0013898357   -0.0000086327
  -0.0000000155    0.0013896105   -0.0000050508
   0.0000000924    0.0013955906   -0.0000135953
  -0.0000000156    0.0013970445   -0.0000114649
   0.0000081521    0.0016681082   -0.0004269624
  -0.0000000429    0.0013945260   -0.0000010194
  -0.0000025640    0.0013569248   -0.0000559880
   0.0000000125    0.0013891346   -0.0000028870
  -0.0000000242    0.0014001937   -0.0000104227
  -0.0000000017    0.0014004139   -0.0000139143
   0.0000002123    0.0014160977   -0.0000141496
   0.0000000040    0.0013962684   -0.0000011550
   0.0000077460    0.0013837518    0.0003473451
   0.0000002252    0.0013752873   -0.0000011716
  -0.0000000467   -0.0013922849   -0.0000003486
  -0.0000000069   -0.0013919636    0.0000000418
   0.0000000190   -0.0013920243    0.0000000697
   0.0000000048   -0.0013920086    0.0000000121
  -0.0000000278   -0.0013920009    0.0000000610
  -0.0000000146   -0.0013919521    0.0000000504
  -0.0000003332   -0.0013918059   -0.0000001218
  -0.0000000027   -0.0013920130    0.0000000051
   0.0000001996   -0.0013917897    0.0000002256
   0.0000000013   -0.0013919805   -0.0000000472
  -0.0000000094   -0.0013919796    0.0000000757
   0.0000000037   -0.0013919596    0.0000000971
  -0.0000000551   -0.0013920112    0.0000000040
  -0.0000000048   -0.0013919728   -0.0000000021
   0.0000002162   -0.0013914026    0.0000000236
  -0.0000000461   -0.0013918164    0.0000000944
   0.0000253455   -0.0014584902   -0.0000337078
  -0.0000000244   -0.0014183822    0.0000072136
  -0.0000001868   -0.0014322896    0.0000008320
  -0.0000000141   -0.0014294495   -0.0000002304
  -0.0000007580   -0.0014446040    0.0000041372
  -0.0000000032   -0.0014311455    0.0000107713
  -0.0002295606   -0.0028803899   -0.0021394365
   0.0000003827   -0.0014199041    0.0000050624
   0.0000000699   -0.0014479856    0.0000146130
  -0.0000001341   -0.0014300875   -0.0000023064
   0.0000000077   -0.0014340721    0.0000089344
   0.0000000375   -0.0014309906    0.0000144165
   0.0000000746   -0.0014308213    0.0000294072
  -0.0000001341   -0.0014192485    0.0000069195
  -0.0002386333   -0.0031739464   -0.0007804780
  -0.0000001833   -0.0014198021   -0.0000042837
   0.0000000763    0.0014232974   -0.0000000623
   0.0000000085    0.0014234403   -0.0000000495
  -0.0000000009    0.0014234171   -0.0000000214
  -0.0000000022    0.0014234184    0.0000000208
   0.0000000038    0.0014234586   -0.0000000582
  -0.0000000029    0.0014234040   -0.0000000374
  -0.0000021286    0.0014232849    0.0000017065
   0.0000000509    0.0014232431    0.0000001143
  -0.0000000089    0.0014234051   -0.0000000053
  -0.0000000092    0.0014234612    0.0000000218
   0.0000000008    0.0014234179   -0.0000000578
  -0.0000000016    0.0014233911   -0.0000000801
  -0.0000000324    0.0014232947    0.0000001147
   0.0000000138    0.0014233750    0.0000000558
   0.0000002755    0.0014231244   -0.0000000837
   0.0000000567    0.0014233010   -0.0000001156
   0.0000000127    0.0013919863   -0.0000000036
   0.0000000002    0.0013919960   -0.0000000016
   0.0000000002    0.0013919942   -0.0000000025
  -0.0000000001    0.0013919934   -0.0000000029
   0.0000000002    0.0013919923    0.0000000029
  -0.0000000001    0.0013919969   -0.0000000017
   0.0000000128    0.0013919721    0.0000000113
   0.0000000002    0.0013919974    0.0000000005
   0.0000000039    0.0013920057    0.0000000168
   0.0000000002    0.0013919916    0.0000000000
   0.0000000001    0.0013919952   -0.0000000020
  -0.0000000001    0.0013919967   -0.0000000033
   0.0000000007    0.0013919966    0.0000000096
   0.0000000001    0.0013919964    0.0000000014
   0.0000000127    0.0013919899   -0.0000000280
   0.0000000007    0.0013919995    0.0000000038
  -0.0000000233   -0.0013920426   -0.0000005426
   0.0000000076   -0.0013919554    0.0000000447
  -0.0000000111   -0.0013920112    0.0000000380
  -0.0000000012   -0.0013919982   -0.0000000010
   0.0000000357   -0.0013919878    0.0000000928
   0.0000000182   -0.0013919416    0.0000000635
   0.0000002570   -0.0013915618    0.0000000677
   0.0000000034   -0.0013920050    0.0000000022
  -0.0000001206   -0.0013918445    0.0000000555
   0.0000000100   -0.0013919494   -0.0000000680
   0.0000000105   -0.0013919716    0.0000000823
  -0.0000000013   -0.0013919578    0.0000000922
   0.0000000594   -0.0013919563    0.0000000344
   0.0000000039   -0.0013919630   -0.0000000048
  -0.0000002796   -0.0013917079   -0.0000000485
   0.0000000546   -0.0013918079    0.0000001556
   0.0000000063   -0.0014234398    0.0000000205
   0.0000000003   -0.0014234441    0.0000000017
   0.0000000002   -0.0014234438   -0.0000000031
   0.0000000001   -0.0014234447   -0.0000000003
   0.0000000011   -0.0014234365    0.0000000055
   0.0000000002   -0.0014234443    0.0000000055
   0.0000000206   -0.0014234596   -0.0000000285
   0.0000000005   -0.0014234402   -0.0000000013
   0.0000000025   -0.0014234494   -0.0000000068
   0.0000000002   -0.0014234451   -0.0000000017
   0.0000000001   -0.0014234447    0.0000000018
   0.0000000001   -0.0014234464    0.0000000049
   0.0000000025   -0.0014234537   -0.0000000067
   0.0000000002   -0.0014234444    0.0000000036
   0.0000000207   -0.0014234663    0.0000000054
   0.0000000007   -0.0014234444   -0.0000000058
  -0.0000000279    0.0014233325   -0.0000001170
  -0.0000000122    0.0014234155   -0.0000000474
   0.0000000013    0.0014234144    0.0000000044
   0.0000000021    0.0014234197    0.0000000300
   0.0000000053    0.0014234266   -0.0000000666
   0.0000000017    0.0014234082   -0.0000000595
  -0.0000032953    0.0014248934   -0.0000010709
  -0.0000000499    0.0014232446    0.0000001127
  -0.0000000067    0.0014234487    0.0000000864
   0.0000000090    0.0014234629    0.0000000232
   0.0000000022    0.0014233943   -0.0000000579
   0.0000000020    0.0014233881   -0.0000000803
   0.0000000168    0.0014233384    0.0000000231
  -0.0000000141    0.0014233766    0.0000000546
  -0.0000000996    0.0014231852   -0.0000000838
  -0.0000000759    0.0014231912   -0.0000001158
   0.0000000044    0.0013834649   -0.0000041579
  -0.0000000220    0.0014106515    0.0000193323
  -0.0000000495    0.0013867673   -0.0000094910
  -0.0000000502    0.0013899326   -0.0000067545
  -0.0000000506    0.0013999294   -0.0000153784
  -0.0000000503    0.0013967595   -0.0000181263
  -0.0000000186    0.0014086131    0.0000210896
  -0.0000000268    0.0013812490   -0.0000023404
   0.0000000136    0.0013856047   -0.0000059230
  -0.0000025887    0.0013892151   -0.0000280788
  -0.0000000018    0.0013979650   -0.0000160337
  -0.0000000240    0.0014004624   -0.0000101907
   0.0000000041    0.0013997684    0.0000018522
   0.0000002114    0.0014161411   -0.0000141545
   0.0000002245    0.0013876886    0.0000094872
   0.0000081401    0.0008597296   -0.0001038737
   0.0000000339   -0.0013918501    0.0000001198
  -0.0000000192   -0.0013919479   -0.0000000076
   0.0000000222   -0.0013920017    0.0000000049
   0.0000000132   -0.0013920091    0.0000000496
  -0.0000000338   -0.0013919574    0.0000000086
  -0.0000000386   -0.0013919368    0.0000000807
  -0.0000000114   -0.0013920242   -0.0000000593
  -0.0000000180   -0.0013918951    0.0000000428
   0.0000000244   -0.0013919332   -0.0000000140
   0.0000001158   -0.0013920912   -0.0000000290
   0.0000000019   -0.0013919515    0.0000000774
  -0.0000000060   -0.0013919599    0.0000000883
  -0.0000000118   -0.0013919821   -0.0000000147
  -0.0000000448   -0.0013919910    0.0000000257
   0.0000000284   -0.0013918569    0.0000000266
  -0.0000003364   -0.0013922528    0.0000001798
   0.0000004056   -0.0013957120    0.0000163481
  -0.0000009724   -0.0014223116   -0.0000001584
  -0.0000000077   -0.0014321365    0.0000006689
  -0.0000001066   -0.0014319125    0.0000000195
  -0.0000000980   -0.0014459316    0.0000076118
   0.0000004122   -0.0014270927    0.0000208877
   0.0000255123   -0.0013508290   -0.0000051539
   0.0000002882   -0.0014011671    0.0000122876
   0.0000000872   -0.0014256391    0.0000004090
  -0.0000035729   -0.0014442047    0.0000088527
   0.0000000028   -0.0014342576    0.0000127346
   0.0000000443   -0.0014337702    0.0000090590
   0.0000000866   -0.0014210966    0.0000042417
  -0.0000035630   -0.0013978607    0.0000487695
  -0.0000031442   -0.0013931272    0.0000022534
  -0.0000172224   -0.0013464793   -0.0001736710
   0.0000000230    0.0014234586    0.0000000109
   0.0000000103    0.0014234776   -0.0000000703
  -0.0000000016    0.0014234195    0.0000000285
  -0.0000000016    0.0014233970   -0.0000000102
  -0.0000000124    0.0014233842    0.0000000388
  -0.0000000059    0.0014234066   -0.0000000700
   0.0000000492    0.0014233142    0.0000001900
   0.0000001000    0.0014227744    0.0000000227
  -0.0000000047    0.0014234369    0.0000000113
   0.0000000175    0.0014232873   -0.0000000401
  -0.0000000020    0.0014233968   -0.0000000615
  -0.0000000001    0.0014234080   -0.0000000737
   0.0000000120    0.0014233881    0.0000000785
  -0.0000000046    0.0014235570   -0.0000000392
   0.0000000514    0.0014232800   -0.0000000501
  -0.0000012407    0.0014245483    0.0000005230
   0.0000000027    0.0013920053    0.0000000136
   0.0000000027    0.0013919862   -0.0000000023
  -0.0000000000    0.0013919959   -0.0000000033
  -0.0000000000    0.0013919972   -0.0000000012
  -0.0000000000    0.0013919993    0.0000000015
  -0.0000000000    0.0013919960   -0.0000000003
   0.0000000027    0.0013920059   -0.0000000157
   0.0000000027    0.0013920230   -0.0000000002
   0.0000000002    0.0013919948    0.0000000025
   0.0000000039    0.0013919976    0.0000000096
  -0.0000000001    0.0013919977   -0.0000000041
   0.0000000001    0.0013919971   -0.0000000011
   0.0000000001    0.0013919975    0.0000000013
   0.0000000007    0.0013919903    0.0000000037
   0.0000000007    0.0013919951    0.0000000005
   0.0000000127    0.0013920119   -0.0000000088
  -0.0000000264   -0.0013918616    0.0000000890
   0.0000000269   -0.0013919126   -0.0000000069
  -0.0000000155   -0.0013919873   -0.0000000331
  -0.0000000060   -0.0013919838    0.0000000147
   0.0000000405   -0.0013919430    0.0000000466
   0.0000000458   -0.0013919112    0.0000001160
   0.0000000189   -0.0013920361   -0.0000000285
   0.0000000259   -0.0013918599    0.0000000423
  -0.0000000137   -0.0013919287   -0.0000000437
  -0.0000000180   -0.0013919510   -0.0000002407
   0.0000000001   -0.0013919495    0.0000000744
   0.0000000070   -0.0013919554    0.0000000932
   0.0000000107   -0.0013919682   -0.0000000116
   0.0000000499   -0.0013919412    0.0000000470
  -0.0000000182   -0.0013919063    0.0000000378
   0.0000002669   -0.0013921854    0.0000005298
   0.0000000025   -0.0014234467   -0.0000000024
   0.0000000012   -0.0014234460    0.0000000079
   0.0000000002   -0.0014234427   -0.0000000011
   0.0000000001   -0.0014234445   -0.0000000012
   0.0000000005   -0.0014234466    0.0000000018
   0.0000000004   -0.0014234439    0.0000000088
   0.0000000065   -0.0014234381    0.0000000007
   0.0000000025   -0.0014234480   -0.0000000111
   0.0000000005   -0.0014234443   -0.0000000029
   0.0000000017   -0.0014234437    0.0000000049
   0.0000000001   -0.0014234438    0.0000000037
   0.0000000001   -0.0014234417    0.0000000022
   0.0000000005   -0.0014234457    0.0000000011
   0.0000000017   -0.0014234313    0.0000000215
   0.0000000018   -0.0014234303    0.0000000007
   0.0000000111   -0.0014234272   -0.0000000417
  -0.0000000210    0.0014234458    0.0000000082
   0.0000000028    0.0014234020   -0.0000000907
   0.0000000000    0.0014234208    0.0000000600
   0.0000000024    0.0014233992    0.0000000107
   0.0000000066    0.0014233827   -0.0000000088
   0.0000000126    0.0014233911   -0.0000001122
  -0.0000000296    0.0014233363    0.0000001227
  -0.0000000557    0.0014227727    0.0000001089
   0.0000000055    0.0014234447    0.0000000317
  -0.0000000016    0.0014233283    0.0000000070
  -0.0000000023    0.0014234024   -0.0000000616
   0.0000000035    0.0014233885   -0.0000000738
  -0.0000000113    0.0014233959    0.0000000582
   0.0000000207    0.0014235985   -0.0000000865
  -0.0000000472    0.0014232954   -0.0000000501
  -0.0000042667    0.0014212458    0.0000005278

33   
  0.0045801749598502   0.0058194991441407   0.0067197787946113
   0.0002349881    0.0018186270    0.0012670619
  -0.0000003828    0.0013936114   -0.0000005969
  -0.0000253373    0.0013388352   -0.0000424046
   0.0000000226    0.0013939571   -0.0000011628
   0.0000001855    0.0013905749   -0.0000096901
   0.0000000141    0.0013900562   -0.0000066243
   0.0000007538    0.0014012824   -0.0000143737
   0.0000000029    0.0013990649   -0.0000113094
   0.0000172230    0.0013150322    0.0001736727
   0.0000031443    0.0013616770   -0.0000022538
   0.0000035626    0.0013664930   -0.0000488340
  -0.0000000866    0.0013897094   -0.0000042932
  -0.0000000444    0.0014023230   -0.0000090594
  -0.0000000029    0.0014028088   -0.0000127351
   0.0000035731    0.0014126801   -0.0000087875
  -0.0000000872    0.0013941291   -0.0000003575
   0.0000016839   -0.0013921463   -0.0000011411
  -0.0000000007   -0.0013920122    0.0000000408
  -0.0000000415   -0.0013922449    0.0000003800
  -0.0000000123   -0.0013919513    0.0000000148
   0.0000000172   -0.0013920114    0.0000000483
   0.0000000078   -0.0013920054    0.0000000059
  -0.0000000310   -0.0013919510    0.0000000292
  -0.0000000131   -0.0013919478    0.0000000442
  -0.0000000490   -0.0013918558    0.0000000842
  -0.0000000600   -0.0013918509    0.0000001151
   0.0000001036   -0.0013919009   -0.0000001109
   0.0000000023   -0.0013919580   -0.0000000684
  -0.0000000165   -0.0013919586    0.0000000579
  -0.0000000021   -0.0013919414    0.0000000804
  -0.0000000320   -0.0013919286    0.0000000014
   0.0000000002   -0.0013919906   -0.0000000087
  -0.0006065669   -0.0055974346   -0.0048219026
   0.0000001170   -0.0014198096    0.0000045048
   0.0000003272   -0.0014354455    0.0000032997
  -0.0000000008   -0.0014198043    0.0000045257
  -0.0000000171   -0.0014342166    0.0000020545
  -0.0000000068   -0.0014309990    0.0000007041
   0.0000003104   -0.0014503410    0.0000161217
   0.0000000001   -0.0014295274    0.0000129111
  -0.0000082020   -0.0008918606    0.0001039696
  -0.0000002295   -0.0014191318   -0.0000094396
  -0.0000002113   -0.0014475530    0.0000141752
  -0.0000000028   -0.0014312837   -0.0000018139
   0.0000000220   -0.0014318967    0.0000101615
   0.0000000002   -0.0014294082    0.0000159555
   0.0000025165   -0.0014206866    0.0000279718
  -0.0000000258   -0.0014169988    0.0000058464
   0.0000039921    0.0014252252   -0.0000004979
   0.0000000791    0.0014232282    0.0000000953
  -0.0000000677    0.0014234672   -0.0000000899
   0.0000000087    0.0014234323   -0.0000000314
  -0.0000000015    0.0014234081   -0.0000000190
  -0.0000000040    0.0014234011    0.0000000314
   0.0000000091    0.0014234237   -0.0000000747
   0.0000000004    0.0014234104   -0.0000000547
   0.0000000234    0.0014232277   -0.0000000222
   0.0000000751    0.0014234403    0.0000000079
  -0.0000000133    0.0014234046    0.0000000001
  -0.0000000125    0.0014234196    0.0000000375
   0.0000000001    0.0014234094   -0.0000000577
  -0.0000000024    0.0014234001   -0.0000000952
  -0.0000000183    0.0014233827    0.0000001808
   0.0000000185    0.0014233303    0.0000000148
  -0.0000000206    0.0013919846    0.0000000065
  -0.0000000005    0.0013919946    0.0000000046
  -0.0000000064    0.0013919951   -0.0000000191
  -0.0000000003    0.0013919953   -0.0000000031
  -0.0000000003    0.0013919930    0.0000000010
  -0.0000000001    0.0013919943   -0.0000000011
  -0.0000000011    0.0013919980    0.0000000060
  -0.0000000002    0.0013919980   -0.0000000017
  -0.0000000111    0.0013919800    0.0000000418
  -0.0000000018    0.0013919816   -0.0000000006
  -0.0000000018    0.0013919834   -0.0000000195
  -0.0000000005    0.0013919965    0.0000000008
  -0.0000000001    0.0013919945   -0.0000000023
  -0.0000000001    0.0013919951   -0.0000000039
  -0.0000000017    0.0013919971   -0.0000000070
  -0.0000000005    0.0013919960    0.0000000010
   0.0000037067   -0.0013932997    0.0000006477
  -0.0000000002   -0.0013919796    0.0000000810
  -0.0000000069   -0.0013922086    0.0000004199
   0.0000000160   -0.0013919331    0.0000000131
  -0.0000000175   -0.0013920099    0.0000000456
  -0.0000000075   -0.0013920065    0.0000000042
   0.0000000222   -0.0013919498    0.0000000270
   0.0000000143   -0.0013919492    0.0000000423
  -0.0000001277   -0.0013915592    0.0000000838
   0.0000000792   -0.0013917470    0.0000001152
  -0.0000000877   -0.0013919214   -0.0000000946
  -0.0000000020   -0.0013919543   -0.0000000836
   0.0000000137   -0.0013919597    0.0000000580
   0.0000000018   -0.0013919442    0.0000000805
   0.0000000475   -0.0013919485   -0.0000000144
   0.0000000001   -0.0013919867    0.0000000069
  -0.0000000241   -0.0014233981    0.0000000561
  -0.0000000003   -0.0014234453   -0.0000000040
  -0.0000000028   -0.0014234289   -0.0000000249
  -0.0000000000   -0.0014234442    0.0000000031
  -0.0000000001   -0.0014234420   -0.0000000034
   0.0000000000   -0.0014234425   -0.0000000009
  -0.0000000027   -0.0014234501   -0.0000000053
  -0.0000000000   -0.0014234426    0.0000000034
  -0.0000000134   -0.0014234717    0.0000000089
  -0.0000000008   -0.0014234430   -0.0000000005
  -0.0000000008   -0.0014234389   -0.0000000062
  -0.0000000001   -0.0014234449   -0.0000000035
  -0.0000000001   -0.0014234454    0.0000000014
   0.0000000000   -0.0014234453    0.0000000052
  -0.0000000044   -0.0014234479   -0.0000000094
  -0.0000000003   -0.0014234438   -0.0000000019
   0.0000011726    0.0014230153   -0.0000004929
  -0.0000000764    0.0014231063    0.0000000951
   0.0000000546    0.0014235035   -0.0000000376
  -0.0000000089    0.0014234251   -0.0000000372
   0.0000000021    0.0014234110   -0.0000000190
   0.0000000047    0.0014234077    0.0000000311
  -0.0000000219    0.0014234593   -0.0000001264
  -0.0000000006    0.0014234031   -0.0000000490
  -0.0000000445    0.0014232772   -0.0000001122
  -0.0000000883    0.0014233358   -0.0000000126
   0.0000000111    0.0014234131    0.0000000093
   0.0000000145    0.0014234335    0.0000000436
  -0.0000000001    0.0014234099   -0.0000000583
   0.0000000027    0.0014234018   -0.0000000935
   0.0000000042    0.0014233875    0.0000001913
  -0.0000000178    0.0014233238   -0.0000000044
  -0.0000002888    0.0014045528    0.0000176545
  -0.0000254643    0.0013718297    0.0000507416
   0.0000009662    0.0013903732   -0.0000002796
  -0.0000004111    0.0014030255    0.0000170853
   0.0000001063    0.0013874582   -0.0000112514
   0.0000000076    0.0013908569   -0.0000091455
  -0.0000004140    0.0014023695   -0.0000150486
   0.0000000970    0.0014007639   -0.0000194582
   0.0000001833    0.0013883540    0.0000042837
   0.0002386411    0.0031424963    0.0007804797
   0.0000001341    0.0013878727   -0.0000069798
  -0.0000000748    0.0013993724   -0.0000294043
  -0.0000000376    0.0013995425   -0.0000144172
  -0.0000000079    0.0014026235   -0.0000089347
   0.0000001341    0.0013985680    0.0000023669
  -0.0000000698    0.0014165379   -0.0000146153
  -0.0000000456   -0.0013921472    0.0000000523
   0.0000000400   -0.0013918948    0.0000003762
  -0.0000000111   -0.0013919804   -0.0000000474
  -0.0000000696   -0.0013917929   -0.0000000956
   0.0000000249   -0.0013919930   -0.0000000247
   0.0000000164   -0.0013920181    0.0000000606
  -0.0000000330   -0.0013919587    0.0000000151
  -0.0000000442   -0.0013919201    0.0000000738
   0.0000000078   -0.0013918779    0.0000000501
   0.0000006445   -0.0013926373   -0.0000005254
   0.0000000197   -0.0013919460   -0.0000000604
   0.0000000532   -0.0013920232    0.0000001487
   0.0000000057   -0.0013919507    0.0000000611
  -0.0000000141   -0.0013919488    0.0000000735
  -0.0000000104   -0.0013919950   -0.0000000289
  -0.0000000165   -0.0013919646   -0.0000000688
   0.0000024405   -0.0013841211    0.0000110977
   0.0000024317   -0.0013841156    0.0000110203
  -0.0000001985   -0.0014027210    0.0000079206
  -0.0000001994   -0.0014202989   -0.0000072043
  -0.0000000181   -0.0014341292    0.0000015940
  -0.0000000180   -0.0014341252    0.0000015884
  -0.0000001990   -0.0014423882    0.0000118594
  -0.0000001954   -0.0014248773    0.0000269966
  -0.0000002303   -0.0014068347    0.0000011308
  -0.0000078062   -0.0014152275   -0.0003466879
  -0.0000000028   -0.0014277972    0.0000011824
  -0.0000002122   -0.0014475674    0.0000141194
   0.0000000001   -0.0014318403    0.0000138515
   0.0000000222   -0.0014316268    0.0000103933
  -0.0000000246   -0.0014205296    0.0000028104
   0.0000024920   -0.0013882958    0.0000559650
   0.0000000496    0.0014232735    0.0000001259
   0.0000002963    0.0014235297    0.0000003429
   0.0000000115    0.0014233936    0.0000000072
  -0.0000000001    0.0014234574   -0.0000000842
  -0.0000000009    0.0014234097    0.0000000493
  -0.0000000019    0.0014233977   -0.0000000196
  -0.0000000073    0.0014234159    0.0000000154
   0.0000000037    0.0014233789   -0.0000001480
   0.0000000404    0.0014233142   -0.0000000334
   0.0000029786    0.0014219253    0.0000006857
  -0.0000000085    0.0014234353    0.0000000353
  -0.0000000082    0.0014234113   -0.0000000862
  -0.0000000005    0.0014234096   -0.0000000641
   0.0000000004    0.0014234183   -0.0000000830
   0.0000000129    0.0014234093    0.0000000759
   0.0000000710    0.0014234323   -0.0000000853
  -0.0000000026    0.0013920008    0.0000000128
  -0.0000000065    0.0013919744   -0.0000000123
  -0.0000000012    0.0013920002   -0.0000000089
  -0.0000000025    0.0013920062    0.0000000066
  -0.0000000002    0.0013919936   -0.0000000020
  -0.0000000002    0.0013919935    0.0000000001
  -0.0000000004    0.0013919998   -0.0000000023
  -0.0000000006    0.0013919974    0.0000000013
  -0.0000000007    0.0013919964    0.0000000059
  -0.0000000207    0.0013920177   -0.0000000053
  -0.0000000003    0.0013919958   -0.0000000014
  -0.0000000025    0.0013920054    0.0000000080
  -0.0000000002    0.0013919983   -0.0000000050
  -0.0000000002    0.0013919961   -0.0000000019
  -0.0000000003    0.0013919976   -0.0000000005
  -0.0000000025    0.0013920005    0.0000000054
   0.0000000258   -0.0013920992    0.0000000654
  -0.0000000842   -0.0013919160    0.0000004983
   0.0000000091   -0.0013919538   -0.0000000402
   0.0000000563   -0.0013918103   -0.0000000755
  -0.0000000232   -0.0013919932   -0.0000000253
  -0.0000000171   -0.0013920175    0.0000000575
   0.0000000389   -0.0013919631    0.0000000059
   0.0000000377   -0.0013919297    0.0000000700
  -0.0000000121   -0.0013917999    0.0000000501
   0.0000047979   -0.0013902866   -0.0000005195
  -0.0000000204   -0.0013919410   -0.0000000714
  -0.0000000690   -0.0013920257    0.0000001641
  -0.0000000014   -0.0013919504    0.0000000612
   0.0000000108   -0.0013919516    0.0000000735
   0.0000000096   -0.0013919897   -0.0000000173
   0.0000000008   -0.0013919667   -0.0000000836
  -0.0000000044   -0.0014234551   -0.0000000049
  -0.0000000044   -0.0014234552   -0.0000000055
  -0.0000000008   -0.0014234455    0.0000000053
  -0.0000000008   -0.0014234483    0.0000000031
  -0.0000000000   -0.0014234442   -0.0000000023
  -0.0000000000   -0.0014234442   -0.0000000020
  -0.0000000008   -0.0014234460    0.0000000018
  -0.0000000008   -0.0014234432    0.0000000043
  -0.0000000008   -0.0014234477   -0.0000000036
  -0.0000000133   -0.0014234417    0.0000000337
  -0.0000000001   -0.0014234444   -0.0000000035
  -0.0000000008   -0.0014234434   -0.0000000119
   0.0000000000   -0.0014234451    0.0000000043
  -0.0000000001   -0.0014234419    0.0000000024
  -0.0000000003   -0.0014234410    0.0000000008
  -0.0000000044   -0.0014234530   -0.0000000153
  -0.0000000372    0.0014232047    0.0000001253
  -0.0000003973    0.0014229861    0.0000003431
  -0.0000000121    0.0014233899   -0.0000000058
   0.0000000058    0.0014234590   -0.0000000817
   0.0000000003    0.0014234105    0.0000000491
   0.0000000027    0.0014234013   -0.0000000197
   0.0000000066    0.0014234119    0.0000000283
   0.0000000018    0.0014233803   -0.0000001510
  -0.0000000371    0.0014232787   -0.0000000556
   0.0000016563    0.0014229300   -0.0000010653
   0.0000000083    0.0014234379    0.0000000441
   0.0000000095    0.0014234121   -0.0000000750
  -0.0000000002    0.0014234101   -0.0000000645
  -0.0000000002    0.0014234178   -0.0000000831
  -0.0000000130    0.0014233935    0.0000000715
  -0.0000000972    0.0014233976   -0.0000001701
   0.0002295498    0.0028491681    0.0021392444
  -0.0000003827    0.0013885122   -0.0000051111
   0.0000007579    0.0014131615   -0.0000041431
   0.0000000031    0.0013997602   -0.0000108271
   0.0000001868    0.0014008367   -0.0000008270
   0.0000000142    0.0013979705    0.0000002579
  -0.0000253452    0.0014270758    0.0000336795
   0.0000000243    0.0013868936   -0.0000071780
  -0.0000260967    0.0013975691   -0.0000981731
   0.0000013385    0.0014053207   -0.0000010154
  -0.0000003730    0.0013953251   -0.0000000380
  -0.0000000160    0.0014000042    0.0000012426
  -0.0000003734    0.0013903214   -0.0000043368
  -0.0000000160    0.0013872399   -0.0000097226
  -0.0000261662    0.0014531814   -0.0000495399
   0.0000013311    0.0013940305   -0.0000105487
   0.0000058088   -0.0013911470    0.0000013663
   0.0000000021   -0.0013918690   -0.0000001417
  -0.0000000187   -0.0013920119    0.0000000446
   0.0000000196   -0.0013919756    0.0000000308
  -0.0000000208   -0.0013919691    0.0000000066
  -0.0000000058   -0.0013919573   -0.0000000140
   0.0000000385   -0.0013918442    0.0000001449
  -0.0000000155   -0.0013919800    0.0000000561
  -0.0000000050   -0.0013915124   -0.0000002906
   0.0000000333   -0.0013920396   -0.0000000442
  -0.0000000157   -0.0013919682    0.0000000045
  -0.0000000163   -0.0013919228   -0.0000000133
   0.0000000016   -0.0013919967    0.0000000406
  -0.0000000050   -0.0013920160    0.0000000625
  -0.0000001143   -0.0013921276    0.0000000501
  -0.0000000183   -0.0013919851    0.0000000041
  -0.0000081864   -0.0016991888    0.0004267710
   0.0000000430   -0.0014260576    0.0000010474
  -0.0000001038   -0.0014270429    0.0000135792
   0.0000000120   -0.0014285381    0.0000114581
  -0.0000001073   -0.0014212802    0.0000086093
   0.0000000119   -0.0014210452    0.0000049922
  -0.0000073125   -0.0015515321    0.0002971188
   0.0000000425   -0.0014275928    0.0000023773
   0.0000025075   -0.0014005288    0.0000667073
  -0.0000000253   -0.0014257793    0.0000073411
   0.0000000218   -0.0014224799    0.0000025045
  -0.0000000001   -0.0014216104    0.0000050225
  -0.0000002106   -0.0014301270   -0.0000009385
  -0.0000000031   -0.0014302080    0.0000032661
  -0.0000080212   -0.0015681074   -0.0002155125
  -0.0000002279   -0.0014243106    0.0000161812
  -0.0000003747    0.0014235161    0.0000000012
  -0.0000000206    0.0014235081    0.0000000504
  -0.0000000059    0.0014234232   -0.0000000795
   0.0000000008    0.0014234021   -0.0000000308
   0.0000000036    0.0014234659   -0.0000000347
   0.0000000004    0.0014234397    0.0000000030
   0.0000000358    0.0014236193    0.0000003720
   0.0000000082    0.0014233856   -0.0000000343
  -0.0000000028    0.0014234095    0.0000002114
  -0.0000000102    0.0014233909    0.0000000457
  -0.0000000007    0.0014234455   -0.0000000274
   0.0000000004    0.0014234604   -0.0000000415
   0.0000000003    0.0014233877   -0.0000000002
  -0.0000000032    0.0014233629   -0.0000000000
  -0.0000001076    0.0014233273   -0.0000000240
   0.0000000449    0.0014234038   -0.0000000423
  -0.0000000206    0.0013920116    0.0000000288
  -0.0000000005    0.0013919921    0.0000000017
  -0.0000000011    0.0013919886   -0.0000000069
  -0.0000000002    0.0013919958   -0.0000000063
  -0.0000000003    0.0013919957    0.0000000036
  -0.0000000001    0.0013919970    0.0000000005
  -0.0000000064    0.0013919929   -0.0000000202
  -0.0000000003    0.0013919969   -0.0000000010
  -0.0000000066    0.0013919756   -0.0000000113
  -0.0000000012    0.0013919878   -0.0000000018
  -0.0000000003    0.0013919936   -0.0000000019
  -0.0000000002    0.0013919975   -0.0000000007
  -0.0000000003    0.0013919948    0.0000000016
  -0.0000000002    0.0013919931   -0.0000000024
  -0.0000000066    0.0013919902    0.0000000028
  -0.0000000012    0.0013919982    0.0000000077
  -0.0000003463   -0.0013923164   -0.0000004350
  -0.0000000030   -0.0013918365   -0.0000001817
   0.0000000097   -0.0013920107    0.0000000470
  -0.0000000183   -0.0013919771    0.0000000328
   0.0000000204   -0.0013919676    0.0000000094
   0.0000000060   -0.0013919584   -0.0000000119
  -0.0000000870   -0.0013918081    0.0000001048
   0.0000000192   -0.0013919613    0.0000000581
  -0.0000000270   -0.0013915118   -0.0000001450
  -0.0000000386   -0.0013920569   -0.0000000572
   0.0000000146   -0.0013919689    0.0000000056
   0.0000000171   -0.0013919210   -0.0000000129
  -0.0000000027   -0.0013919973    0.0000000396
   0.0000000059   -0.0013920137    0.0000000625
   0.0000000818   -0.0013921266   -0.0000000944
   0.0000000132   -0.0013920021    0.0000000169
  -0.0000000134   -0.0014234156   -0.0000000206
  -0.0000000002   -0.0014234438   -0.0000000001
  -0.0000000004   -0.0014234401   -0.0000000032
   0.0000000000   -0.0014234445    0.0000000021
  -0.0000000004   -0.0014234419    0.0000000002
   0.0000000000   -0.0014234414    0.0000000016
  -0.0000000133   -0.0014234372   -0.0000000005
  -0.0000000002   -0.0014234438    0.0000000021
  -0.0000000045   -0.0014234546   -0.0000000170
  -0.0000000003   -0.0014234451    0.0000000023
  -0.0000000001   -0.0014234413   -0.0000000005
   0.0000000000   -0.0014234433    0.0000000019
  -0.0000000008   -0.0014234514   -0.0000000018
  -0.0000000001   -0.0014234458    0.0000000029
  -0.0000000133   -0.0014234244    0.0000000191
  -0.0000000008   -0.0014234429   -0.0000000060
   0.0000002456    0.0014236812    0.0000002808
   0.0000000204    0.0014235178    0.0000000699
   0.0000000063    0.0014234254   -0.0000000732
  -0.0000000005    0.0014234015   -0.0000000314
  -0.0000000032    0.0014234680   -0.0000000412
  -0.0000000001    0.0014234387    0.0000000033
  -0.0000001655    0.0014237837    0.0000000931
  -0.0000000084    0.0014233949   -0.0000000540
  -0.0000000114    0.0014234149    0.0000002004
   0.0000000109    0.0014233853    0.0000000649
   0.0000000007    0.0014234461   -0.0000000269
  -0.0000000001    0.0014234622   -0.0000000435
  -0.0000000025    0.0014233961   -0.0000000095
   0.0000000051    0.0014233763   -0.0000000065
   0.0000000864    0.0014233762    0.0000000656
  -0.0000000581    0.0014232997   -0.0000000219
  -0.0000002884    0.0013698978   -0.0000124398
  -0.0000255125    0.0013194608    0.0000050814
  -0.0000004124    0.0013956923   -0.0000209299
   0.0000000979    0.0014145512   -0.0000076715
   0.0000001066    0.0014004369    0.0000000060
   0.0000000078    0.0014006752   -0.0000006568
   0.0000009723    0.0013908188    0.0000001987
  -0.0000004056    0.0013641410   -0.0000162411
  -0.0000000867    0.0013941284   -0.0000102997
   0.0000157736    0.0016238097    0.0000672712
  -0.0000000142    0.0013968152   -0.0000017474
  -0.0000001290    0.0013950064   -0.0000002719
  -0.0000000141    0.0013898256   -0.0000077686
  -0.0000001292    0.0013899982   -0.0000045760
  -0.0000000869    0.0013964632   -0.0000081141
   0.0000157360    0.0013850667   -0.0001385194
   0.0000000541   -0.0013918200   -0.0000000787
  -0.0000000856   -0.0013917285   -0.0000003620
   0.0000000371   -0.0013919436   -0.0000000297
   0.0000000176   -0.0013919410    0.0000000919
  -0.0000000215   -0.0013919727   -0.0000000450
  -0.0000000143   -0.0013919506   -0.0000000018
  -0.0000000070   -0.0013919939    0.0000000147
  -0.0000000399   -0.0013919873    0.0000000883
   0.0000000225   -0.0013919967   -0.0000000572
  -0.0000000522   -0.0013919215    0.0000001378
  -0.0000000068   -0.0013919479   -0.0000000084
  -0.0000000162   -0.0013919671    0.0000000304
  -0.0000000001   -0.0013920162    0.0000000350
   0.0000000040   -0.0013920215    0.0000000354
  -0.0000000255   -0.0013919970   -0.0000000384
  -0.0000001615   -0.0013917025    0.0000003607
   0.0000000383   -0.0014129393    0.0000024125
   0.0000000301   -0.0014401902   -0.0000209211
   0.0000000430   -0.0014282369    0.0000181233
   0.0000000433   -0.0014314157    0.0000153662
   0.0000000429   -0.0014213725    0.0000067006
   0.0000000423   -0.0014181955    0.0000094459
   0.0000000334   -0.0014419569   -0.0000194017
   0.0000000071   -0.0014148802    0.0000039922
  -0.0000000241   -0.0014222586    0.0000103867
   0.0000025229   -0.0014329275    0.0000385556
   0.0000000000   -0.0014191658    0.0000071222
   0.0000000216   -0.0014227494    0.0000022716
  -0.0000000030   -0.0014336852    0.0000002664
  -0.0000002091   -0.0014300890   -0.0000009113
  -0.0000002300   -0.0014365692    0.0000056084
  -0.0000070993   -0.0010497932    0.0002335356
  -0.0000000199    0.0014233922   -0.0000000265
  -0.0000001147    0.0014234136   -0.0000000466
   0.0000000044    0.0014234188    0.0000000134
  -0.0000000003    0.0014233977   -0.0000001063
   0.0000000008    0.0014234537    0.0000000432
   0.0000000045    0.0014234699   -0.0000000389
   0.0000000080    0.0014234131    0.0000000127
   0.0000000368    0.0014232560   -0.0000000785
   0.0000000065    0.0014234185    0.0000000772
  -0.0000000526    0.0014233523   -0.0000002417
  -0.0000000009    0.0014234545   -0.0000000257
   0.0000000004    0.0014234616   -0.0000000455
   0.0000000048    0.0014234057    0.0000000232
   0.0000000084    0.0014234255   -0.0000000581
   0.0000000080    0.0014234229    0.0000000406
   0.0000003886    0.0014233179    0.0000001361
  -0.0000000026    0.0013920003    0.0000000119
  -0.0000000065    0.0013919910   -0.0000000013
  -0.0000000004    0.0013919964   -0.0000000096
  -0.0000000006    0.0013919982   -0.0000000027
  -0.0000000002    0.0013919976    0.0000000014
  -0.0000000002    0.0013919947    0.0000000015
  -0.0000000012    0.0013919997   -0.0000000074
  -0.0000000025    0.0013919996    0.0000000027
  -0.0000000005    0.0013919944    0.0000000022
  -0.0000000108    0.0013920435    0.0000000187
  -0.0000000002    0.0013919983   -0.0000000035
  -0.0000000005    0.0013919972    0.0000000015
  -0.0000000002    0.0013919974   -0.0000000025
  -0.0000000005    0.0013919952    0.0000000018
  -0.0000000005    0.0013919984    0.0000000050
  -0.0000000108    0.0013919923   -0.0000000237
  -0.0000000738   -0.0013917726   -0.0000000912
   0.0000000413   -0.0013917497   -0.0000004850
  -0.0000000312   -0.0013919480   -0.0000000202
  -0.0000000242   -0.0013919509    0.0000000961
   0.0000000231   -0.0013919728   -0.0000000439
   0.0000000135   -0.0013919500    0.0000000016
   0.0000000050   -0.0013919670    0.0000000077
   0.0000000271   -0.0013920036    0.0000000693
  -0.0000000207   -0.0013919973   -0.0000000485
  -0.0000001444   -0.0013920398    0.0000002612
   0.0000000088   -0.0013919420   -0.0000000120
   0.0000000158   -0.0013919652    0.0000000319
   0.0000000022   -0.0013920100    0.0000000389
  -0.0000000043   -0.0013920194    0.0000000342
   0.0000000273   -0.0013919976   -0.0000000468
  -0.0000000331   -0.0013918191    0.0000002378
  -0.0000000027   -0.0014234683    0.0000000015
  -0.0000000027   -0.0014234513    0.0000000161
  -0.0000000001   -0.0014234439    0.0000000006
  -0.0000000001   -0.0014234460   -0.0000000011
  -0.0000000001   -0.0014234449   -0.0000000005
  -0.0000000001   -0.0014234428    0.0000000016
  -0.0000000027   -0.0014234338    0.0000000026
  -0.0000000027   -0.0014234508   -0.0000000124
  -0.0000000003   -0.0014234483   -0.0000000002
  -0.0000000044   -0.0014234461   -0.0000000109
   0.0000000000   -0.0014234420    0.0000000020
  -0.0000000001   -0.0014234402   -0.0000000015
  -0.0000000001   -0.0014234457    0.0000000024
  -0.0000000008   -0.0014234428    0.0000000039
  -0.0000000008   -0.0014234392   -0.0000000019
  -0.0000000133   -0.0014234517   -0.0000000060
   0.0000000201    0.0014234017   -0.0000000076
   0.0000000912    0.0014234568    0.0000000560
  -0.0000000054    0.0014234140    0.0000000107
   0.0000000024    0.0014233961   -0.0000001032
  -0.0000000018    0.0014234485    0.0000000456
  -0.0000000025    0.0014234683   -0.0000000423
  -0.0000000078    0.0014234226   -0.0000000065
  -0.0000000603    0.0014232970   -0.0000001813
  -0.0000000067    0.0014234033    0.0000000811
   0.0000000266    0.0014233174   -0.0000001575
   0.0000000003    0.0014234551   -0.0000000254
  -0.0000000002    0.0014234612   -0.0000000455
  -0.0000000049    0.0014234082    0.0000000139
  -0.0000000072    0.0014234264   -0.0000000695
  -0.0000000046    0.0014233875    0.0000000627
   0.0000041868    0.0014243073    0.0000018730

33   
 -0.0045801749598502  -0.0058194991441407  -0.0067197787946113
  -0.0002322469    0.0009636012   -0.0012572858
   0.0000003808    0.0013904056    0.0000005674
   0.0000254131    0.0014444740    0.0000417682
  -0.0000000234    0.0013900429    0.0000011247
  -0.0000001864    0.0013933672    0.0000096229
  -0.0000000142    0.0013938934    0.0000065776
  -0.0000007676    0.0013826475    0.0000142770
  -0.0000000037    0.0013849166    0.0000112037
  -0.0000171782    0.0014691363   -0.0001714816
  -0.0000031317    0.0014223656    0.0000022409
  -0.0000035785    0.0014171285    0.0000482650
   0.0000000871    0.0013942725    0.0000042425
   0.0000000433    0.0013816660    0.0000089686
   0.0000000025    0.0013811800    0.0000126072
  -0.0000035685    0.0013715050    0.0000085295
   0.0000000865    0.0013898797    0.0000003329
  -0.0000016848   -0.0013918451    0.0000011372
   0.0000000007   -0.0013919802   -0.0000000399
   0.0000000428   -0.0013917438   -0.0000003835
   0.0000000123   -0.0013920404   -0.0000000175
  -0.0000000169   -0.0013919779   -0.0000000490
  -0.0000000077   -0.0013919863   -0.0000000064
   0.0000000308   -0.0013920383   -0.0000000261
   0.0000000128   -0.0013920432   -0.0000000408
   0.0000000487   -0.0013921372   -0.0000000805
   0.0000000600   -0.0013921394   -0.0000001120
  -0.0000001020   -0.0013920888    0.0000001108
  -0.0000000021   -0.0013920333    0.0000000674
   0.0000000164   -0.0013920315   -0.0000000610
   0.0000000019   -0.0013920485   -0.0000000829
   0.0000000314   -0.0013920623   -0.0000000009
  -0.0000000002   -0.0013919999    0.0000000094
   0.0006065888    0.0027567789    0.0048649747
  -0.0000001166   -0.0014271198   -0.0000044726
  -0.0000003209   -0.0014115547   -0.0000031644
  -0.0000000001   -0.0014270306   -0.0000044606
   0.0000000167   -0.0014126628   -0.0000020206
   0.0000000069   -0.0014158901   -0.0000006911
  -0.0000003375   -0.0013966606   -0.0000161428
   0.0000000008   -0.0014174077   -0.0000128279
   0.0000072392   -0.0019471423   -0.0001021679
   0.0000002278   -0.0014278064    0.0000094405
   0.0000002118   -0.0013994334   -0.0000139820
   0.0000000036   -0.0014156209    0.0000018369
  -0.0000000219   -0.0014150255   -0.0000100979
   0.0000000001   -0.0014175129   -0.0000158465
  -0.0000025136   -0.0014263135   -0.0000276030
   0.0000000227   -0.0014298396   -0.0000057766
  -0.0000039350    0.0014216818    0.0000004978
  -0.0000000791    0.0014236580   -0.0000000910
   0.0000000671    0.0014234187    0.0000000867
  -0.0000000087    0.0014234550    0.0000000297
   0.0000000016    0.0014234787    0.0000000153
   0.0000000040    0.0014234851   -0.0000000348
  -0.0000000088    0.0014234637    0.0000000749
  -0.0000000004    0.0014234762    0.0000000554
  -0.0000000226    0.0014236578    0.0000000228
  -0.0000000751    0.0014234448   -0.0000000103
   0.0000000131    0.0014234801   -0.0000000070
   0.0000000124    0.0014234653   -0.0000000431
  -0.0000000000    0.0014234754    0.0000000568
   0.0000000024    0.0014234841    0.0000000939
   0.0000000180    0.0014235030   -0.0000001784
  -0.0000000183    0.0014235549   -0.0000000127
   0.0000000206    0.0013920074   -0.0000000054
   0.0000000005    0.0013919958   -0.0000000033
   0.0000000063    0.0013919971    0.0000000163
   0.0000000003    0.0013919954    0.0000000001
   0.0000000002    0.0013919984   -0.0000000021
   0.0000000001    0.0013919956    0.0000000001
   0.0000000011    0.0013919933   -0.0000000027
   0.0000000002    0.0013919918    0.0000000049
   0.0000000111    0.0013920106   -0.0000000388
   0.0000000018    0.0013920086    0.0000000038
   0.0000000017    0.0013920070    0.0000000184
   0.0000000005    0.0013919935   -0.0000000019
   0.0000000001    0.0013919951   -0.0000000012
   0.0000000001    0.0013919942    0.0000000004
   0.0000000017    0.0013919926    0.0000000079
   0.0000000005    0.0013919934   -0.0000000002
  -0.0000037419   -0.0013906736   -0.0000006518
   0.0000000002   -0.0013920129   -0.0000000802
   0.0000000060   -0.0013917800   -0.0000004237
  -0.0000000160   -0.0013920590   -0.0000000156
   0.0000000174   -0.0013919794   -0.0000000461
   0.0000000076   -0.0013919852   -0.0000000041
  -0.0000000216   -0.0013920396   -0.0000000239
  -0.0000000139   -0.0013920415   -0.0000000391
   0.0000001261   -0.0013924306   -0.0000000809
  -0.0000000794   -0.0013922442   -0.0000001119
   0.0000000867   -0.0013920691    0.0000000951
   0.0000000019   -0.0013920373    0.0000000833
  -0.0000000134   -0.0013920303   -0.0000000609
  -0.0000000013   -0.0013920455   -0.0000000828
  -0.0000000471   -0.0013920421    0.0000000153
  -0.0000000000   -0.0013920037   -0.0000000061
   0.0000000241   -0.0014234892   -0.0000000532
   0.0000000002   -0.0014234412    0.0000000072
   0.0000000027   -0.0014234584    0.0000000239
   0.0000000000   -0.0014234421   -0.0000000042
   0.0000000000   -0.0014234445   -0.0000000001
  -0.0000000001   -0.0014234431   -0.0000000026
   0.0000000027   -0.0014234364    0.0000000062
   0.0000000000   -0.0014234431   -0.0000000026
   0.0000000133   -0.0014234163   -0.0000000110
   0.0000000007   -0.0014234456   -0.0000000014
   0.0000000007   -0.0014234490    0.0000000004
   0.0000000000   -0.0014234433   -0.0000000023
   0.0000000001   -0.0014234418   -0.0000000018
  -0.0000000001   -0.0014234422   -0.0000000057
   0.0000000044   -0.0014234405    0.0000000112
   0.0000000003   -0.0014234449    0.0000000036
  -0.0000011655    0.0014238705    0.0000005027
   0.0000000764    0.0014237808   -0.0000000911
  -0.0000000542    0.0014233835    0.0000000350
   0.0000000089    0.0014234625    0.0000000353
  -0.0000000021    0.0014234758    0.0000000152
  -0.0000000047    0.0014234780   -0.0000000351
   0.0000000219    0.0014234277    0.0000001272
   0.0000000006    0.0014234834    0.0000000498
   0.0000000439    0.0014236083    0.0000001102
   0.0000000884    0.0014235501    0.0000000103
  -0.0000000109    0.0014234716   -0.0000000162
  -0.0000000144    0.0014234513   -0.0000000496
   0.0000000000    0.0014234748    0.0000000573
  -0.0000000027    0.0014234822    0.0000000918
  -0.0000000039    0.0014234973   -0.0000001890
   0.0000000176    0.0014235605    0.0000000069
   0.0000002825    0.0013796383   -0.0000177018
   0.0000254662    0.0014120233   -0.0000509258
  -0.0000009636    0.0013936055    0.0000003069
   0.0000004085    0.0013810040   -0.0000170930
  -0.0000001067    0.0013964521    0.0000111556
  -0.0000000078    0.0013930875    0.0000090915
   0.0000004111    0.0013816296    0.0000149041
  -0.0000000988    0.0013831381    0.0000192934
  -0.0000001817    0.0013956818   -0.0000042011
  -0.0002331937   -0.0003257033   -0.0007754629
  -0.0000001354    0.0013960625    0.0000069371
   0.0000000729    0.0013846494    0.0000292137
   0.0000000371    0.0013844533    0.0000142784
   0.0000000073    0.0013813616    0.0000088454
  -0.0000001354    0.0013854722   -0.0000023996
   0.0000000778    0.0013675697    0.0000143466
   0.0000000450   -0.0013918424   -0.0000000520
  -0.0000000398   -0.0013920941   -0.0000003740
   0.0000000111   -0.0013920088    0.0000000449
   0.0000000693   -0.0013921958    0.0000000926
  -0.0000000246   -0.0013919954    0.0000000240
  -0.0000000163   -0.0013919706   -0.0000000611
   0.0000000328   -0.0013920294   -0.0000000121
   0.0000000436   -0.0013920675   -0.0000000695
  -0.0000000077   -0.0013921113   -0.0000000469
  -0.0000006520   -0.0013913520    0.0000005288
  -0.0000000194   -0.0013920434    0.0000000593
  -0.0000000524   -0.0013919662   -0.0000001496
  -0.0000000058   -0.0013920378   -0.0000000638
   0.0000000139   -0.0013920398   -0.0000000764
   0.0000000102   -0.0013919941    0.0000000293
   0.0000000160   -0.0013920240    0.0000000699
  -0.0000024137   -0.0014628924   -0.0000109508
  -0.0000024224   -0.0014628880   -0.0000110270
   0.0000001979   -0.0014438763   -0.0000078245
   0.0000001970   -0.0014265880    0.0000072445
   0.0000000181   -0.0014127556   -0.0000015585
   0.0000000182   -0.0014127512   -0.0000015631
   0.0000001974   -0.0014046685   -0.0000118048
   0.0000002009   -0.0014220223   -0.0000268625
   0.0000002270   -0.0014398957   -0.0000011069
   0.0000076249   -0.0014318310    0.0003466770
   0.0000000036   -0.0014190692   -0.0000011726
   0.0000002110   -0.0013994042   -0.0000139995
  -0.0000000000   -0.0014150920   -0.0000137477
  -0.0000000217   -0.0014152933   -0.0000103304
   0.0000000238   -0.0014263472   -0.0000027298
  -0.0000025376   -0.0014582632   -0.0000553310
  -0.0000000497    0.0014236113   -0.0000001207
  -0.0000002964    0.0014233539   -0.0000003402
  -0.0000000114    0.0014234911   -0.0000000085
   0.0000000001    0.0014234276    0.0000000832
   0.0000000009    0.0014234739   -0.0000000528
   0.0000000020    0.0014234860    0.0000000161
   0.0000000072    0.0014234681   -0.0000000143
  -0.0000000038    0.0014235047    0.0000001484
  -0.0000000403    0.0014235725    0.0000000315
  -0.0000029447    0.0014249482   -0.0000006812
   0.0000000084    0.0014234514   -0.0000000410
   0.0000000083    0.0014234736    0.0000000805
   0.0000000004    0.0014234763    0.0000000629
  -0.0000000004    0.0014234661    0.0000000822
  -0.0000000128    0.0014234776   -0.0000000732
  -0.0000000711    0.0014234523    0.0000000866
   0.0000000025    0.0013919902   -0.0000000116
   0.0000000065    0.0013920145    0.0000000137
   0.0000000012    0.0013919910    0.0000000060
   0.0000000025    0.0013919830   -0.0000000096
   0.0000000001    0.0013919968    0.0000000010
   0.0000000002    0.0013919949   -0.0000000011
   0.0000000004    0.0013919905    0.0000000056
   0.0000000005    0.0013919909    0.0000000019
   0.0000000007    0.0013919954   -0.0000000027
   0.0000000208    0.0013919731    0.0000000085
   0.0000000002    0.0013919959    0.0000000003
   0.0000000025    0.0013919854   -0.0000000092
   0.0000000001    0.0013919927    0.0000000015
   0.0000000001    0.0013919939   -0.0000000016
   0.0000000002    0.0013919934    0.0000000014
   0.0000000025    0.0013919897   -0.0000000046
  -0.0000000256   -0.0013918891   -0.0000000643
   0.0000000838   -0.0013920734   -0.0000004988
  -0.0000000091   -0.0013920352    0.0000000380
  -0.0000000563   -0.0013921794    0.0000000732
   0.0000000230   -0.0013919952    0.0000000253
   0.0000000171   -0.0013919712   -0.0000000578
  -0.0000000385   -0.0013920250   -0.0000000031
  -0.0000000367   -0.0013920573   -0.0000000652
   0.0000000119   -0.0013921886   -0.0000000469
  -0.0000048621   -0.0013937247    0.0000005348
   0.0000000202   -0.0013920488    0.0000000711
   0.0000000685   -0.0013919640   -0.0000001646
   0.0000000017   -0.0013920380   -0.0000000638
  -0.0000000104   -0.0013920370   -0.0000000763
  -0.0000000095   -0.0013919991    0.0000000182
   0.0000000001   -0.0013920215    0.0000000854
   0.0000000044   -0.0014234296    0.0000000081
   0.0000000044   -0.0014234298    0.0000000086
   0.0000000007   -0.0014234391   -0.0000000065
   0.0000000007   -0.0014234367   -0.0000000042
  -0.0000000000   -0.0014234397   -0.0000000011
  -0.0000000000   -0.0014234400   -0.0000000015
   0.0000000007   -0.0014234381   -0.0000000009
   0.0000000007   -0.0014234412   -0.0000000034
   0.0000000007   -0.0014234404    0.0000000016
   0.0000000133   -0.0014234434   -0.0000000357
   0.0000000000   -0.0014234434   -0.0000000022
   0.0000000008   -0.0014234413    0.0000000061
  -0.0000000000   -0.0014234420   -0.0000000048
   0.0000000001   -0.0014234422   -0.0000000029
   0.0000000003   -0.0014234474    0.0000000010
   0.0000000044   -0.0014234323    0.0000000170
   0.0000000374    0.0014236793   -0.0000001214
   0.0000003965    0.0014239014   -0.0000003400
   0.0000000121    0.0014234952    0.0000000040
  -0.0000000057    0.0014234261    0.0000000804
  -0.0000000002    0.0014234729   -0.0000000530
  -0.0000000027    0.0014234823    0.0000000160
  -0.0000000065    0.0014234718   -0.0000000269
  -0.0000000020    0.0014235029    0.0000001506
   0.0000000369    0.0014236080    0.0000000532
  -0.0000016600    0.0014239622    0.0000010688
  -0.0000000083    0.0014234485   -0.0000000502
  -0.0000000095    0.0014234728    0.0000000691
   0.0000000002    0.0014234758    0.0000000632
   0.0000000002    0.0014234665    0.0000000821
   0.0000000130    0.0014234926   -0.0000000691
   0.0000000972    0.0014234875    0.0000001707
  -0.0002377753   -0.0001029852   -0.0022006869
   0.0000003809    0.0013955150    0.0000050895
  -0.0000007635    0.0013709005    0.0000040634
  -0.0000000035    0.0013842454    0.0000107197
  -0.0000001851    0.0013831878    0.0000007661
  -0.0000000141    0.0013860521   -0.0000002931
   0.0000254076    0.0013571785   -0.0000340554
  -0.0000000217    0.0013970518    0.0000071540
   0.0000261365    0.0013863167    0.0000971178
  -0.0000013285    0.0013787742    0.0000009850
   0.0000003755    0.0013886229   -0.0000000289
   0.0000000162    0.0013840230   -0.0000012897
   0.0000003751    0.0013936405    0.0000043137
   0.0000000162    0.0013966729    0.0000096784
   0.0000260700    0.0013307678    0.0000490015
  -0.0000013358    0.0013898849    0.0000104847
  -0.0000057064   -0.0013928302   -0.0000013411
  -0.0000000017   -0.0013921228    0.0000001389
   0.0000000186   -0.0013919774   -0.0000000498
  -0.0000000195   -0.0013920164   -0.0000000356
   0.0000000207   -0.0013920202   -0.0000000070
   0.0000000058   -0.0013920340    0.0000000134
  -0.0000000385   -0.0013921461   -0.0000001431
   0.0000000155   -0.0013920124   -0.0000000542
   0.0000000066   -0.0013924795    0.0000002919
  -0.0000000329   -0.0013919525    0.0000000469
   0.0000000159   -0.0013920232   -0.0000000058
   0.0000000162   -0.0013920685    0.0000000117
  -0.0000000015   -0.0013919938   -0.0000000401
   0.0000000049   -0.0013919747   -0.0000000617
   0.0000001142   -0.0013918633   -0.0000000456
   0.0000000181   -0.0013920057    0.0000000010
   0.0000075825   -0.0011501993   -0.0004210264
  -0.0000000418   -0.0014208298   -0.0000010168
   0.0000001085   -0.0014198497   -0.0000134760
  -0.0000000121   -0.0014183708   -0.0000113705
   0.0000001050   -0.0014255698   -0.0000085020
  -0.0000000122   -0.0014258015   -0.0000049113
   0.0000084501   -0.0012935449   -0.0002986598
  -0.0000000424   -0.0014192749   -0.0000023634
  -0.0000025222   -0.0014459518   -0.0000658481
   0.0000000232   -0.0014211182   -0.0000072748
  -0.0000000221   -0.0014243609   -0.0000024461
  -0.0000000002   -0.0014252385   -0.0000049301
   0.0000002125   -0.0014166769    0.0000010047
   0.0000000033   -0.0014166662   -0.0000032554
   0.0000074075   -0.0012810632    0.0002148831
   0.0000002293   -0.0014226121   -0.0000161588
   0.0000003732    0.0014233689   -0.0000000048
   0.0000000204    0.0014233797   -0.0000000479
   0.0000000059    0.0014234650    0.0000000774
  -0.0000000009    0.0014234854    0.0000000283
  -0.0000000036    0.0014234214    0.0000000349
  -0.0000000004    0.0014234470   -0.0000000028
  -0.0000000345    0.0014232687   -0.0000003676
  -0.0000000081    0.0014235012    0.0000000401
   0.0000000025    0.0014234756   -0.0000002157
   0.0000000100    0.0014234934   -0.0000000487
   0.0000000007    0.0014234392    0.0000000260
  -0.0000000004    0.0014234243    0.0000000401
  -0.0000000002    0.0014234970    0.0000000031
   0.0000000032    0.0014235209    0.0000000031
   0.0000001067    0.0014235588    0.0000000265
  -0.0000000449    0.0014234811    0.0000000438
   0.0000000205    0.0013919808   -0.0000000308
   0.0000000005    0.0013919989   -0.0000000037
   0.0000000011    0.0013920035    0.0000000011
   0.0000000002    0.0013919949    0.0000000005
   0.0000000002    0.0013919957   -0.0000000041
   0.0000000001    0.0013919930   -0.0000000010
   0.0000000064    0.0013919998    0.0000000220
   0.0000000003    0.0013919943    0.0000000028
   0.0000000066    0.0013920154    0.0000000136
   0.0000000011    0.0013920028    0.0000000041
   0.0000000003    0.0013919974    0.0000000001
   0.0000000002    0.0013919933   -0.0000000011
   0.0000000003    0.0013919950   -0.0000000014
   0.0000000002    0.0013919964    0.0000000026
   0.0000000066    0.0013920003    0.0000000030
   0.0000000011    0.0013919919   -0.0000000018
   0.0000003511   -0.0013916748    0.0000004355
   0.0000000026   -0.0013921555    0.0000001793
  -0.0000000095   -0.0013919787   -0.0000000518
   0.0000000184   -0.0013920148   -0.0000000372
  -0.0000000202   -0.0013920217   -0.0000000097
  -0.0000000059   -0.0013920329    0.0000000116
   0.0000000871   -0.0013921824   -0.0000001032
  -0.0000000190   -0.0013920303   -0.0000000559
   0.0000000263   -0.0013924811    0.0000001490
   0.0000000383   -0.0013919352    0.0000000600
  -0.0000000147   -0.0013920225   -0.0000000069
  -0.0000000170   -0.0013920707    0.0000000116
   0.0000000027   -0.0013919929   -0.0000000389
  -0.0000000056   -0.0013919764   -0.0000000611
  -0.0000000817   -0.0013918645    0.0000000983
  -0.0000000126   -0.0013919881   -0.0000000124
   0.0000000133   -0.0014234722    0.0000000230
   0.0000000001   -0.0014234431    0.0000000024
   0.0000000003   -0.0014234478    0.0000000014
  -0.0000000001   -0.0014234425   -0.0000000039
   0.0000000003   -0.0014234447    0.0000000000
  -0.0000000001   -0.0014234444   -0.0000000014
   0.0000000134   -0.0014234501    0.0000000063
   0.0000000001   -0.0014234426    0.0000000038
   0.0000000044   -0.0014234332    0.0000000141
   0.0000000003   -0.0014234432   -0.0000000052
   0.0000000001   -0.0014234458   -0.0000000005
  -0.0000000000   -0.0014234442   -0.0000000030
   0.0000000008   -0.0014234355    0.0000000050
   0.0000000000   -0.0014234415    0.0000000004
   0.0000000133   -0.0014234633   -0.0000000179
   0.0000000007   -0.0014234452    0.0000000073
  -0.0000002432    0.0014232048   -0.0000002830
  -0.0000000203    0.0014233701   -0.0000000675
  -0.0000000063    0.0014234629    0.0000000708
   0.0000000005    0.0014234862    0.0000000283
   0.0000000031    0.0014234191    0.0000000413
   0.0000000001    0.0014234475   -0.0000000031
   0.0000001641    0.0014231038   -0.0000000887
   0.0000000083    0.0014234913    0.0000000595
   0.0000000115    0.0014234704   -0.0000002056
  -0.0000000107    0.0014234998   -0.0000000684
  -0.0000000007    0.0014234387    0.0000000254
   0.0000000001    0.0014234224    0.0000000419
   0.0000000024    0.0014234884    0.0000000122
  -0.0000000053    0.0014235066    0.0000000092
  -0.0000000854    0.0014235087   -0.0000000613
   0.0000000583    0.0014235868    0.0000000231
   0.0000002830    0.0014139185    0.0000125135
   0.0000254186    0.0014647986   -0.0000052412
   0.0000004127    0.0013882719    0.0000207200
  -0.0000000979    0.0013695186    0.0000075782
  -0.0000001064    0.0013835927   -0.0000000644
  -0.0000000076    0.0013833493    0.0000005978
  -0.0000009576    0.0013931577   -0.0000001486
   0.0000004141    0.0014195830    0.0000162417
   0.0000000870    0.0013898606    0.0000102051
  -0.0000157579    0.0011616106   -0.0000669546
   0.0000000147    0.0013871950    0.0000017059
   0.0000001293    0.0013889751    0.0000002237
   0.0000000148    0.0013941275    0.0000077219
   0.0000001292    0.0013939580    0.0000045553
   0.0000000868    0.0013875103    0.0000080326
  -0.0000157958    0.0013976935    0.0001379107
  -0.0000000533   -0.0013921693    0.0000000762
   0.0000000861   -0.0013922607    0.0000003579
  -0.0000000367   -0.0013920449    0.0000000245
  -0.0000000176   -0.0013920479   -0.0000000968
   0.0000000214   -0.0013920158    0.0000000443
   0.0000000142   -0.0013920376    0.0000000016
   0.0000000071   -0.0013919951   -0.0000000130
   0.0000000396   -0.0013920017   -0.0000000859
  -0.0000000222   -0.0013919932    0.0000000594
   0.0000000530   -0.0013920670   -0.0000001358
   0.0000000068   -0.0013920419    0.0000000068
   0.0000000162   -0.0013920229   -0.0000000320
   0.0000000001   -0.0013919729   -0.0000000344
  -0.0000000039   -0.0013919675   -0.0000000350
   0.0000000254   -0.0013919923    0.0000000432
   0.0000001610   -0.0013922869   -0.0000003550
  -0.0000000093   -0.0014336929   -0.0000025333
  -0.0000000173   -0.0014068134    0.0000210071
  -0.0000000430   -0.0014186347   -0.0000179621
  -0.0000000428   -0.0014155079   -0.0000152574
  -0.0000000431   -0.0014254765   -0.0000065922
  -0.0000000438   -0.0014286044   -0.0000093064
  -0.0000000139   -0.0014049076    0.0000193455
  -0.0000000403   -0.0014319578   -0.0000041383
   0.0000000243   -0.0014246211   -0.0000103110
  -0.0000025075   -0.0014140100   -0.0000382769
  -0.0000000001   -0.0014276478   -0.0000070340
  -0.0000000223   -0.0014240930   -0.0000022124
   0.0000000034   -0.0014132099   -0.0000002507
   0.0000002139   -0.0014166830    0.0000009937
   0.0000002273   -0.0014104863   -0.0000056127
   0.0000083380   -0.0018014126   -0.0002355745
   0.0000000199    0.0014234930    0.0000000287
   0.0000001141    0.0014234722    0.0000000498
  -0.0000000044    0.0014234662   -0.0000000158
   0.0000000004    0.0014234876    0.0000001040
  -0.0000000009    0.0014234305   -0.0000000426
  -0.0000000044    0.0014234142    0.0000000387
  -0.0000000079    0.0014234714   -0.0000000069
  -0.0000000366    0.0014236279    0.0000000835
  -0.0000000066    0.0014234681   -0.0000000800
   0.0000000531    0.0014235337    0.0000002384
   0.0000000009    0.0014234318    0.0000000242
  -0.0000000003    0.0014234230    0.0000000442
  -0.0000000047    0.0014234800   -0.0000000199
  -0.0000000083    0.0014234587    0.0000000612
  -0.0000000082    0.0014234640   -0.0000000387
  -0.0000003984    0.0014235663   -0.0000001323
   0.0000000025    0.0013919913   -0.0000000139
   0.0000000065    0.0013919984   -0.0000000006
   0.0000000004    0.0013919948    0.0000000038
   0.0000000005    0.0013919909   -0.0000000031
   0.0000000001    0.0013919929   -0.0000000019
   0.0000000002    0.0013919938   -0.0000000020
   0.0000000012    0.0013919920    0.0000000091
   0.0000000025    0.0013919901   -0.0000000010
   0.0000000005    0.0013919977    0.0000000001
   0.0000000108    0.0013919476   -0.0000000164
   0.0000000001    0.0013919941    0.0000000017
   0.0000000004    0.0013919942   -0.0000000033
   0.0000000001    0.0013919937    0.0000000027
   0.0000000004    0.0013919951   -0.0000000016
   0.0000000005    0.0013919933    0.0000000008
   0.0000000108    0.0013919986    0.0000000295
   0.0000000730   -0.0013922165    0.0000000891
  -0.0000000421   -0.0013922399    0.0000004817
   0.0000000311   -0.0013920406    0.0000000157
   0.0000000244   -0.0013920380   -0.0000001007
  -0.0000000230   -0.0013920156    0.0000000435
  -0.0000000134   -0.0013920382   -0.0000000016
  -0.0000000051   -0.0013920211   -0.0000000060
  -0.0000000262   -0.0013919842   -0.0000000655
   0.0000000205   -0.0013919925    0.0000000514
   0.0000001429   -0.0013919502   -0.0000002591
  -0.0000000088   -0.0013920480    0.0000000105
  -0.0000000158   -0.0013920250   -0.0000000332
  -0.0000000020   -0.0013919786   -0.0000000378
   0.0000000044   -0.0013919694   -0.0000000335
  -0.0000000271   -0.0013919915    0.0000000515
   0.0000000369   -0.0013921684   -0.0000002311
   0.0000000027   -0.0014234168    0.0000000008
   0.0000000027   -0.0014234342   -0.0000000137
   0.0000000001   -0.0014234415   -0.0000000024
   0.0000000001   -0.0014234396   -0.0000000007
   0.0000000001   -0.0014234392    0.0000000007
   0.0000000001   -0.0014234416   -0.0000000014
   0.0000000027   -0.0014234510    0.0000000032
   0.0000000027   -0.0014234342    0.0000000182
   0.0000000003   -0.0014234396   -0.0000000028
   0.0000000044   -0.0014234387    0.0000000081
  -0.0000000000   -0.0014234450   -0.0000000030
   0.0000000001   -0.0014234438    0.0000000005
   0.0000000000   -0.0014234413    0.0000000008
   0.0000000008   -0.0014234410   -0.0000000006
   0.0000000007   -0.0014234484    0.0000000032
   0.0000000133   -0.0014234329    0.0000000071
  -0.0000000200    0.0014234835    0.0000000096
  -0.0000000908    0.0014234299   -0.0000000536
   0.0000000054    0.0014234712   -0.0000000136
  -0.0000000024    0.0014234893    0.0000001006
   0.0000000019    0.0014234352   -0.0000000451
   0.0000000024    0.0014234158    0.0000000419
   0.0000000078    0.0014234618    0.0000000119
   0.0000000599    0.0014235834    0.0000001867
   0.0000000067    0.0014234836   -0.0000000847
  -0.0000000268    0.0014235686    0.0000001538
  -0.0000000003    0.0014234312    0.0000000238
   0.0000000002    0.0014234235    0.0000000441
   0.0000000049    0.0014234770   -0.0000000112
   0.0000000071    0.0014234578    0.0000000725
   0.0000000049    0.0014234995   -0.0000000605
  -0.0000042661    0.0014225650   -0.0000018964