512  
4    

1    
  0.0045801749590462   0.0058194991440612   0.0067197787952281
  -0.0006625966   -0.0042617098   -0.0063676920
   0.0000001512    0.0013770149    0.0000047124
   0.0000004664    0.0013455557    0.0000168323
  -0.0000000063    0.0013669173    0.0000134958
  -0.0000000288    0.0013620852    0.0000021132
  -0.0000000095    0.0013654773    0.0000007086
   0.0000004481    0.0013606835    0.0000036491
  -0.0000000054    0.0013770820    0.0000046583
  -0.0000123268    0.0017766575    0.0002481658
  -0.0000002536    0.0013595474    0.0000059538
  -0.0000002467    0.0013661974   -0.0000010122
  -0.0000000042    0.0013625895    0.0000003159
   0.0000000268    0.0013739555    0.0000023146
   0.0000000015    0.0013777099    0.0000073921
   0.0000028472    0.0013631660    0.0000395846
   0.0000000016    0.0013745697    0.0000106504
   0.0000039750   -0.0013744677   -0.0000012980
  -0.0000000220   -0.0013734958    0.0000001324
  -0.0000000433   -0.0013733030   -0.0000002314
  -0.0000000276   -0.0013732966   -0.0000000573
   0.0000000276   -0.0013733002   -0.0000000336
   0.0000000066   -0.0013733328   -0.0000000191
   0.0000000209   -0.0013732015   -0.0000000972
   0.0000000143   -0.0013733215   -0.0000000481
  -0.0000000455   -0.0013732408    0.0000006573
  -0.0000000521   -0.0013732424    0.0000000292
   0.0000000129   -0.0013732798   -0.0000000591
   0.0000000092   -0.0013733305   -0.0000000263
  -0.0000000004   -0.0013732548   -0.0000000429
   0.0000000047   -0.0013732621   -0.0000000489
   0.0000000588   -0.0013733592    0.0000000789
   0.0000000336   -0.0013733522    0.0000000219
   0.0002585579   -0.0011650519    0.0017066256
  -0.0000004044   -0.0014096685   -0.0000006213
   0.0000008035   -0.0014017678   -0.0000148076
   0.0000000065   -0.0014039801   -0.0000117117
   0.0000001981   -0.0014128259   -0.0000099659
   0.0000000150   -0.0014134125   -0.0000067931
  -0.0000269333   -0.0014657627   -0.0000431695
   0.0000000260   -0.0014094085   -0.0000011449
   0.0000180905   -0.0014180401   -0.0001458941
  -0.0000001016   -0.0014066100   -0.0000084285
  -0.0000001483   -0.0014134144   -0.0000047345
  -0.0000000165   -0.0014136115   -0.0000080502
  -0.0000001483   -0.0014082927   -0.0000002626
  -0.0000000163   -0.0014064203   -0.0000017888
   0.0000180494   -0.0011698214    0.0000701101
  -0.0000001019   -0.0014092753   -0.0000105403
   0.0000059680    0.0014126231    0.0000023966
   0.0000000099    0.0014113383    0.0000000123
  -0.0000000076    0.0014114176    0.0000000232
   0.0000000003    0.0014114363    0.0000000444
  -0.0000000040    0.0014113870    0.0000000483
  -0.0000000008    0.0014114127    0.0000000278
  -0.0000000273    0.0014112133    0.0000004957
  -0.0000000135    0.0014114607    0.0000000281
  -0.0000001273    0.0014114451    0.0000002009
   0.0000000216    0.0014113387   -0.0000000332
  -0.0000000009    0.0014114021    0.0000000360
  -0.0000000013    0.0014113681    0.0000000737
   0.0000000007    0.0014114471    0.0000000182
  -0.0000000009    0.0014114682   -0.0000000089
   0.0000001130    0.0014116941   -0.0000004784
  -0.0000000021    0.0014114199   -0.0000000170
  -0.0000000272    0.0013733164    0.0000000441
   0.0000000001    0.0013732751   -0.0000000069
  -0.0000000030    0.0013732692   -0.0000000077
   0.0000000000    0.0013732773    0.0000000016
   0.0000000000    0.0013732830   -0.0000000098
   0.0000000001    0.0013732819   -0.0000000073
  -0.0000000029    0.0013732916   -0.0000000246
   0.0000000000    0.0013732750    0.0000000056
  -0.0000000138    0.0013732715   -0.0000000016
  -0.0000000007    0.0013732828   -0.0000000052
  -0.0000000007    0.0013732749    0.0000000020
  -0.0000000001    0.0013732732    0.0000000001
  -0.0000000000    0.0013732841    0.0000000102
   0.0000000001    0.0013732838    0.0000000131
  -0.0000000042    0.0013732739   -0.0000000088
  -0.0000000001    0.0013732709    0.0000000031
   0.0000040110   -0.0013745043   -0.0000012848
   0.0000000022   -0.0013734763    0.0000001323
   0.0000000338   -0.0013732929   -0.0000001875
   0.0000000233   -0.0013732895   -0.0000000286
  -0.0000000289   -0.0013733447   -0.0000000336
  -0.0000000051   -0.0013733420   -0.0000000191
  -0.0000000303   -0.0013731915   -0.0000001407
  -0.0000000186   -0.0013733145   -0.0000000767
   0.0000001874   -0.0013729253    0.0000005406
   0.0000000421   -0.0013732522    0.0000001021
  -0.0000000176   -0.0013733450   -0.0000000235
  -0.0000000081   -0.0013733410   -0.0000000290
  -0.0000000010   -0.0013732643   -0.0000000352
  -0.0000000076   -0.0013732642   -0.0000000555
  -0.0000001487   -0.0013732971   -0.0000001168
  -0.0000000468   -0.0013733881   -0.0000000018
  -0.0000000227   -0.0014114136    0.0000000063
  -0.0000000005   -0.0014114033    0.0000000033
  -0.0000000012   -0.0014113991    0.0000000033
  -0.0000000002   -0.0014113990   -0.0000000041
  -0.0000000003   -0.0014114108    0.0000000118
  -0.0000000001   -0.0014114082    0.0000000092
  -0.0000000070   -0.0014114020   -0.0000000187
  -0.0000000004   -0.0014114015   -0.0000000015
  -0.0000000118   -0.0014114045   -0.0000000287
  -0.0000000006   -0.0014113998    0.0000000026
  -0.0000000005   -0.0014114015    0.0000000013
  -0.0000000002   -0.0014113996   -0.0000000035
  -0.0000000005   -0.0014114000    0.0000000044
  -0.0000000002   -0.0014113992   -0.0000000009
  -0.0000000118   -0.0014113520    0.0000000189
  -0.0000000006   -0.0014114024    0.0000000002
   0.0000007927    0.0014106543   -0.0000010208
  -0.0000000111    0.0014113367    0.0000000101
  -0.0000000031    0.0014114548    0.0000000132
   0.0000000011    0.0014114301    0.0000000186
   0.0000000034    0.0014113900    0.0000000784
   0.0000000010    0.0014114110    0.0000000382
  -0.0000000215    0.0014111681    0.0000004450
   0.0000000178    0.0014114896    0.0000000310
   0.0000000974    0.0014115156    0.0000001039
  -0.0000000278    0.0014113191   -0.0000000744
  -0.0000000005    0.0014114142    0.0000000498
   0.0000000022    0.0014113883    0.0000000820
  -0.0000000021    0.0014114592    0.0000000044
   0.0000000018    0.0014114881   -0.0000000173
  -0.0000001427    0.0014117642   -0.0000003812
  -0.0000000041    0.0014114005    0.0000000243
   0.0000027540    0.0014142765    0.0000111844
   0.0000027443    0.0014142765    0.0000111031
  -0.0000002271    0.0013718165    0.0000281549
  -0.0000002232    0.0013536121    0.0000123600
  -0.0000000219    0.0013621620    0.0000016372
  -0.0000000218    0.0013621665    0.0000016323
  -0.0000002229    0.0013766120   -0.0000076279
  -0.0000002239    0.0013947462    0.0000081807
  -0.0000002559    0.0013723140    0.0000170579
  -0.0000113173    0.0012266227   -0.0002279549
  -0.0000000041    0.0013662151    0.0000034680
  -0.0000002454    0.0013662570   -0.0000009642
   0.0000000016    0.0013751697    0.0000051735
   0.0000000266    0.0013742216    0.0000025484
   0.0000000028    0.0013709571    0.0000075188
   0.0000028626    0.0013967753    0.0000685987
  -0.0000002419   -0.0013733759    0.0000001845
   0.0000000914   -0.0013735264    0.0000000952
  -0.0000000606   -0.0013733919   -0.0000000287
  -0.0000000508   -0.0013732937   -0.0000001091
   0.0000000305   -0.0013733047    0.0000000123
   0.0000000182   -0.0013733453   -0.0000000246
  -0.0000000125   -0.0013734093   -0.0000000099
   0.0000000484   -0.0013733421   -0.0000000811
  -0.0000000529   -0.0013733563    0.0000000322
  -0.0000001912   -0.0013728562   -0.0000004417
   0.0000000080   -0.0013733352   -0.0000000261
   0.0000000158   -0.0013733133   -0.0000000772
   0.0000000031   -0.0013732752   -0.0000000272
  -0.0000000014   -0.0013732568   -0.0000000384
   0.0000000224   -0.0013733002    0.0000000913
   0.0000002236   -0.0013731118    0.0000003075
  -0.0000270196   -0.0014318326    0.0000532341
  -0.0000003478   -0.0013983116    0.0000183656
   0.0000001243   -0.0014021242   -0.0000201424
  -0.0000004385   -0.0014005459   -0.0000155468
   0.0000000082   -0.0014125485   -0.0000094357
   0.0000001131   -0.0014160863   -0.0000115922
  -0.0000004987   -0.0014000074    0.0000179641
   0.0000010200   -0.0014131099   -0.0000002547
   0.0000014103   -0.0014090292   -0.0000110417
  -0.0000276607   -0.0013472898   -0.0000508753
  -0.0000000205   -0.0014162477   -0.0000101008
  -0.0000003968   -0.0014130852   -0.0000044837
  -0.0000000204   -0.0014031260    0.0000013612
  -0.0000003970   -0.0014079217    0.0000000272
   0.0000014026   -0.0013977247   -0.0000009662
  -0.0000277304   -0.0014053748   -0.0001006426
  -0.0000000337    0.0014113683    0.0000001763
   0.0000000979    0.0014110384    0.0000000349
  -0.0000000009    0.0014114272    0.0000000275
   0.0000000001    0.0014114767    0.0000001108
   0.0000000002    0.0014114085   -0.0000000388
  -0.0000000038    0.0014113818    0.0000000688
  -0.0000000150    0.0014114525   -0.0000000161
   0.0000000198    0.0014115721   -0.0000000735
  -0.0000000055    0.0014113900   -0.0000000425
  -0.0000001065    0.0014114491    0.0000002225
  -0.0000000002    0.0014113848    0.0000000502
  -0.0000000028    0.0014113952    0.0000000583
  -0.0000000066    0.0014114455   -0.0000000130
  -0.0000000008    0.0014114025    0.0000000209
   0.0000000090    0.0014114077   -0.0000000774
   0.0000000616    0.0014115851    0.0000003288
  -0.0000000041    0.0013732571   -0.0000000072
  -0.0000000041    0.0013732568   -0.0000000066
  -0.0000000007    0.0013732705    0.0000000028
  -0.0000000007    0.0013732677    0.0000000005
   0.0000000001    0.0013732743   -0.0000000085
   0.0000000001    0.0013732740   -0.0000000089
  -0.0000000007    0.0013732651    0.0000000060
  -0.0000000007    0.0013732673    0.0000000081
  -0.0000000007    0.0013732788   -0.0000000098
  -0.0000000137    0.0013732947    0.0000000187
  -0.0000000001    0.0013732733    0.0000000006
  -0.0000000007    0.0013732673   -0.0000000040
   0.0000000001    0.0013732829    0.0000000132
  -0.0000000000    0.0013732843    0.0000000111
  -0.0000000001    0.0013732740    0.0000000052
  -0.0000000041    0.0013732641   -0.0000000170
   0.0000001290   -0.0013730831    0.0000001843
  -0.0000001866   -0.0013737446    0.0000000949
   0.0000000517   -0.0013733410    0.0000000039
   0.0000000405   -0.0013733002   -0.0000000409
  -0.0000000303   -0.0013733526    0.0000000123
  -0.0000000180   -0.0013733738   -0.0000000246
   0.0000000037   -0.0013733587   -0.0000000429
  -0.0000000585   -0.0013733485   -0.0000001485
   0.0000000408   -0.0013732975    0.0000000454
   0.0000003289   -0.0013728958   -0.0000000504
  -0.0000000065   -0.0013733511   -0.0000000222
  -0.0000000214   -0.0013733707   -0.0000000528
  -0.0000000056   -0.0013732775   -0.0000000313
   0.0000000002   -0.0013732620   -0.0000000328
  -0.0000000349   -0.0013733055    0.0000000568
  -0.0000003351   -0.0013732727    0.0000000656
  -0.0000000072   -0.0014114176   -0.0000000155
  -0.0000000028   -0.0014113929    0.0000000128
  -0.0000000006   -0.0014113935   -0.0000000009
  -0.0000000005   -0.0014113922   -0.0000000046
  -0.0000000002   -0.0014114035    0.0000000107
  -0.0000000002   -0.0014114043    0.0000000083
  -0.0000000028   -0.0014113838    0.0000000085
  -0.0000000013   -0.0014113920   -0.0000000079
  -0.0000000013   -0.0014113993    0.0000000049
  -0.0000000073   -0.0014114072    0.0000000003
  -0.0000000002   -0.0014114034   -0.0000000034
  -0.0000000004   -0.0014114017    0.0000000010
  -0.0000000002   -0.0014113989    0.0000000020
  -0.0000000004   -0.0014114035    0.0000000009
  -0.0000000013   -0.0014114090   -0.0000000035
  -0.0000000073   -0.0014114229   -0.0000000131
   0.0000000113    0.0014113394    0.0000000959
  -0.0000001413    0.0014110550    0.0000001316
   0.0000000078    0.0014114280   -0.0000000294
  -0.0000000082    0.0014114936    0.0000000610
   0.0000000018    0.0014114069   -0.0000000014
   0.0000000029    0.0014113789    0.0000000929
   0.0000000128    0.0014114670   -0.0000000189
  -0.0000000341    0.0014116620   -0.0000000946
   0.0000000076    0.0014113937   -0.0000000809
  -0.0000000946    0.0014114807    0.0000001043
   0.0000000025    0.0014113929    0.0000000552
   0.0000000023    0.0014114060    0.0000000741
   0.0000000090    0.0014114535   -0.0000000180
   0.0000000003    0.0014114133    0.0000000050
  -0.0000000070    0.0014114115   -0.0000000388
  -0.0000002631    0.0014116165    0.0000004450
  -0.0000124513    0.0012348111    0.0003196508
   0.0000000473    0.0013688661    0.0000025606
  -0.0000000734    0.0013754905    0.0000088161
   0.0000000185    0.0013757096    0.0000051744
  -0.0000000771    0.0013695649    0.0000139678
   0.0000000184    0.0013680619    0.0000118213
  -0.0000115042    0.0010888712    0.0004441691
   0.0000000467    0.0013706407    0.0000010237
   0.0000028798    0.0014094180    0.0000578085
   0.0000000022    0.0013762257    0.0000029400
   0.0000000261    0.0013648016    0.0000107251
   0.0000000014    0.0013645639    0.0000143746
  -0.0000002436    0.0013482809    0.0000146489
  -0.0000000045    0.0013688453    0.0000011857
  -0.0000115550    0.0013807638   -0.0003627462
  -0.0000002534    0.0013905484    0.0000011753
   0.0000001348   -0.0013729515    0.0000004003
   0.0000000075   -0.0013733110   -0.0000000529
  -0.0000000218   -0.0013732441   -0.0000000819
  -0.0000000052   -0.0013732603   -0.0000000179
   0.0000000318   -0.0013732714   -0.0000000670
   0.0000000163   -0.0013733261   -0.0000000587
   0.0000003827   -0.0013734643    0.0000001322
   0.0000000033   -0.0013732589   -0.0000000086
  -0.0000002274   -0.0013735005   -0.0000002408
  -0.0000000009   -0.0013732898    0.0000000507
   0.0000000109   -0.0013732960   -0.0000000872
  -0.0000000053   -0.0013733121   -0.0000001151
   0.0000000651   -0.0013732554    0.0000000003
   0.0000000053   -0.0013732988    0.0000000010
  -0.0000002155   -0.0013739178   -0.0000000414
   0.0000000546   -0.0013734858   -0.0000001095
  -0.0000269280   -0.0013749691    0.0000358229
   0.0000000241   -0.0014166137   -0.0000075005
   0.0000001969   -0.0014022664   -0.0000008155
   0.0000000150   -0.0014051958    0.0000002678
   0.0000007992   -0.0013894732   -0.0000040988
   0.0000000063   -0.0014034203   -0.0000110867
   0.0002667494    0.0006543281    0.0031615504
  -0.0000004045   -0.0014151425   -0.0000052450
  -0.0000001187   -0.0013859760   -0.0000150013
   0.0000001430   -0.0014045498    0.0000024295
  -0.0000000055   -0.0014003790   -0.0000091713
  -0.0000000397   -0.0014035871   -0.0000148836
  -0.0000001136   -0.0014036431   -0.0000303825
   0.0000001429   -0.0014157117   -0.0000071286
   0.0002586739    0.0013372052    0.0008266575
   0.0000002128   -0.0014152452    0.0000044020
  -0.0000000744    0.0014115710    0.0000000811
  -0.0000000103    0.0014114066    0.0000000568
   0.0000000011    0.0014114340    0.0000000260
   0.0000000027    0.0014114291   -0.0000000215
  -0.0000000050    0.0014113874    0.0000000694
   0.0000000035    0.0014114496    0.0000000491
   0.0000026318    0.0014116411   -0.0000020587
  -0.0000000618    0.0014116441   -0.0000001363
   0.0000000133    0.0014114636    0.0000000143
   0.0000000110    0.0014113730   -0.0000000261
  -0.0000000009    0.0014114506    0.0000000609
   0.0000000020    0.0014114632    0.0000000888
   0.0000000386    0.0014115830   -0.0000001361
  -0.0000000169    0.0014114757   -0.0000000562
  -0.0000002896    0.0014117960    0.0000000789
  -0.0000000701    0.0014115747    0.0000001252
  -0.0000000138    0.0013732864    0.0000000002
  -0.0000000002    0.0013732754   -0.0000000019
  -0.0000000002    0.0013732775    0.0000000007
   0.0000000001    0.0013732782    0.0000000011
  -0.0000000002    0.0013732794    0.0000000005
   0.0000000001    0.0013732742    0.0000000057
  -0.0000000138    0.0013733026   -0.0000000117
  -0.0000000002    0.0013732754   -0.0000000005
  -0.0000000042    0.0013732650   -0.0000000200
  -0.0000000001    0.0013732798   -0.0000000023
  -0.0000000000    0.0013732760    0.0000000035
   0.0000000001    0.0013732743    0.0000000051
  -0.0000000007    0.0013732749   -0.0000000077
  -0.0000000001    0.0013732751    0.0000000010
  -0.0000000137    0.0013732827    0.0000000303
  -0.0000000007    0.0013732718   -0.0000000030
   0.0000000187   -0.0013732399    0.0000005708
  -0.0000000083   -0.0013733200   -0.0000000559
   0.0000000125   -0.0013732593   -0.0000000451
   0.0000000009   -0.0013732724   -0.0000000031
  -0.0000000411   -0.0013732867   -0.0000001037
  -0.0000000205   -0.0013733381   -0.0000000734
  -0.0000002373   -0.0013737505   -0.0000000442
  -0.0000000041   -0.0013732681   -0.0000000057
   0.0000001372   -0.0013734383   -0.0000000454
  -0.0000000123   -0.0013733258    0.0000000743
  -0.0000000122   -0.0013733053   -0.0000000948
   0.0000000024   -0.0013733141   -0.0000001081
  -0.0000000697   -0.0013733204   -0.0000000353
  -0.0000000042   -0.0013733094    0.0000000037
   0.0000003522   -0.0013735997    0.0000000718
  -0.0000000644   -0.0013734954   -0.0000001823
  -0.0000000070   -0.0014114058   -0.0000000237
  -0.0000000004   -0.0014114007   -0.0000000039
  -0.0000000003   -0.0014114017    0.0000000044
  -0.0000000001   -0.0014113999    0.0000000014
  -0.0000000012   -0.0014114096   -0.0000000039
  -0.0000000002   -0.0014114003   -0.0000000041
  -0.0000000227   -0.0014113851    0.0000000315
  -0.0000000005   -0.0014114050    0.0000000024
  -0.0000000027   -0.0014113959    0.0000000041
  -0.0000000003   -0.0014114002   -0.0000000006
  -0.0000000002   -0.0014114062   -0.0000000094
  -0.0000000002   -0.0014114044   -0.0000000132
  -0.0000000027   -0.0014113914    0.0000000109
  -0.0000000003   -0.0014114011    0.0000000002
  -0.0000000229   -0.0014113778   -0.0000000070
  -0.0000000008   -0.0014114010    0.0000000038
   0.0000000253    0.0014115253    0.0000001320
   0.0000000146    0.0014114356    0.0000000537
  -0.0000000016    0.0014114369   -0.0000000043
  -0.0000000026    0.0014114273   -0.0000000318
  -0.0000000057    0.0014114246    0.0000000793
  -0.0000000021    0.0014114435    0.0000000748
   0.0000040549    0.0014096917    0.0000013394
   0.0000000607    0.0014116423   -0.0000001339
   0.0000000063    0.0014114105   -0.0000000961
  -0.0000000108    0.0014113714   -0.0000000274
  -0.0000000027    0.0014114783    0.0000000608
  -0.0000000025    0.0014114651    0.0000000886
  -0.0000000192    0.0014115300   -0.0000000257
   0.0000000171    0.0014114740   -0.0000000547
   0.0000001128    0.0014116868    0.0000000788
   0.0000000939    0.0014117074    0.0000001250
   0.0000001830    0.0013821394    0.0000047422
   0.0000001541    0.0013537502   -0.0000199033
   0.0000000606    0.0013786279    0.0000097444
   0.0000000599    0.0013753696    0.0000069177
   0.0000000595    0.0013650536    0.0000158837
   0.0000000598    0.0013683101    0.0000187013
   0.0000001581    0.0013563010   -0.0000221245
   0.0000001492    0.0013845103    0.0000025798
   0.0000000034    0.0013798280    0.0000060828
   0.0000028540    0.0013757931    0.0000286323
   0.0000000013    0.0013671161    0.0000165870
   0.0000000264    0.0013645319    0.0000104926
  -0.0000000044    0.0013652279   -0.0000019713
  -0.0000002445    0.0013482422    0.0000145711
  -0.0000002541    0.0013778215   -0.0000099291
  -0.0000111276    0.0019254767    0.0001116642
  -0.0000000368   -0.0013734413   -0.0000001311
   0.0000000207   -0.0013733238   -0.0000000044
  -0.0000000259   -0.0013732801   -0.0000000070
  -0.0000000151   -0.0013732569   -0.0000000608
   0.0000000396   -0.0013733310   -0.0000000054
   0.0000000440   -0.0013733438   -0.0000000946
   0.0000000138   -0.0013732615    0.0000000604
   0.0000000196   -0.0013733806   -0.0000000519
  -0.0000000279   -0.0013733465    0.0000000150
  -0.0000001311   -0.0013731668    0.0000000147
  -0.0000000028   -0.0013733262   -0.0000000914
   0.0000000065   -0.0013733179   -0.0000001018
   0.0000000137   -0.0013732923    0.0000000172
   0.0000000515   -0.0013732871   -0.0000000280
  -0.0000000335   -0.0013734473   -0.0000000339
   0.0000003775   -0.0013730184   -0.0000001930
  -0.0000005050   -0.0014399909   -0.0000170634
   0.0000010135   -0.0014126079    0.0000000731
   0.0000000082   -0.0014023965   -0.0000006494
   0.0000001129   -0.0014026172    0.0000000294
   0.0000001233   -0.0013880829   -0.0000078050
  -0.0000004402   -0.0014076272   -0.0000215654
  -0.0000269699   -0.0014870212    0.0000057780
  -0.0000003486   -0.0014344513   -0.0000127936
  -0.0000000965   -0.0014091699   -0.0000004087
   0.0000037907   -0.0013899114   -0.0000089815
  -0.0000000013   -0.0014001607   -0.0000131226
  -0.0000000469   -0.0014006773   -0.0000092791
  -0.0000000972   -0.0014138504   -0.0000043309
   0.0000038010   -0.0014377159   -0.0000503065
   0.0000033262   -0.0014431182   -0.0000022622
   0.0000195730   -0.0014932925    0.0001799341
  -0.0000000269    0.0014113855   -0.0000000119
  -0.0000000112    0.0014113552    0.0000000834
   0.0000000021    0.0014114288   -0.0000000319
   0.0000000020    0.0014114540    0.0000000129
   0.0000000149    0.0014114697   -0.0000000427
   0.0000000067    0.0014114441    0.0000000872
  -0.0000000574    0.0014115641   -0.0000002213
  -0.0000001301    0.0014121469   -0.0000000333
   0.0000000057    0.0014114085   -0.0000000149
  -0.0000000190    0.0014115712    0.0000000436
   0.0000000024    0.0014114625    0.0000000671
   0.0000000001    0.0014114494    0.0000000794
  -0.0000000146    0.0014114680   -0.0000000854
   0.0000000033    0.0014112809    0.0000000535
  -0.0000000621    0.0014116010    0.0000000525
   0.0000015215    0.0014100620   -0.0000006021
  -0.0000000029    0.0013732605   -0.0000000181
  -0.0000000029    0.0013732794   -0.0000000014
   0.0000000000    0.0013732708    0.0000000016
   0.0000000000    0.0013732680   -0.0000000008
   0.0000000000    0.0013732668    0.0000000024
   0.0000000000    0.0013732690    0.0000000043
  -0.0000000029    0.0013732614    0.0000000162
  -0.0000000029    0.0013732419   -0.0000000000
  -0.0000000001    0.0013732775   -0.0000000047
  -0.0000000042    0.0013732740   -0.0000000120
   0.0000000001    0.0013732741    0.0000000059
  -0.0000000000    0.0013732739    0.0000000025
  -0.0000000001    0.0013732746    0.0000000009
  -0.0000000007    0.0013732812   -0.0000000018
  -0.0000000007    0.0013732772    0.0000000005
  -0.0000000137    0.0013732592    0.0000000103
   0.0000000294   -0.0013734288   -0.0000000966
  -0.0000000282   -0.0013733615   -0.0000000052
   0.0000000179   -0.0013732972    0.0000000378
   0.0000000065   -0.0013732866   -0.0000000201
  -0.0000000476   -0.0013733480   -0.0000000503
  -0.0000000525   -0.0013733733   -0.0000001350
  -0.0000000212   -0.0013732494    0.0000000257
  -0.0000000271   -0.0013734184   -0.0000000508
   0.0000000154   -0.0013733518    0.0000000495
   0.0000000186   -0.0013733285    0.0000002579
   0.0000000004   -0.0013733283   -0.0000000873
  -0.0000000077   -0.0013733229   -0.0000001072
  -0.0000000122   -0.0013733082    0.0000000132
  -0.0000000570   -0.0013733444   -0.0000000523
   0.0000000214   -0.0013733887   -0.0000000471
  -0.0000002428   -0.0013730599   -0.0000005831
  -0.0000000028   -0.0014113926   -0.0000000001
  -0.0000000013   -0.0014113930   -0.0000000103
  -0.0000000002   -0.0014113963    0.0000000022
  -0.0000000002   -0.0014113945    0.0000000024
  -0.0000000006   -0.0014113922    0.0000000002
  -0.0000000005   -0.0014113953   -0.0000000074
  -0.0000000072   -0.0014114011    0.0000000008
  -0.0000000028   -0.0014113917    0.0000000128
  -0.0000000005   -0.0014114008    0.0000000006
  -0.0000000019   -0.0014114001   -0.0000000076
  -0.0000000001   -0.0014114067   -0.0000000118
  -0.0000000001   -0.0014114076   -0.0000000097
  -0.0000000005   -0.0014113998    0.0000000028
  -0.0000000019   -0.0014114138   -0.0000000190
  -0.0000000020   -0.0014114159   -0.0000000031
  -0.0000000122   -0.0014114178    0.0000000416
   0.0000000247    0.0014114000   -0.0000000092
  -0.0000000033    0.0014114455    0.0000001043
  -0.0000000002    0.0014114272   -0.0000000694
  -0.0000000030    0.0014114509   -0.0000000113
  -0.0000000080    0.0014114705    0.0000000142
  -0.0000000147    0.0014114611    0.0000001365
   0.0000000350    0.0014115352   -0.0000001408
   0.0000000868    0.0014121628   -0.0000001297
  -0.0000000067    0.0014113993   -0.0000000387
   0.0000000011    0.0014115229   -0.0000000134
   0.0000000027    0.0014114546    0.0000000670
  -0.0000000042    0.0014114716    0.0000000792
   0.0000000137    0.0014114589   -0.0000000615
  -0.0000000211    0.0014112331    0.0000001104
   0.0000000569    0.0014115822    0.0000000525
   0.0000052334    0.0014140769   -0.0000005959

1    
 -0.0045801749590462  -0.0058194991440612  -0.0067197787952281
   0.0006626328    0.0070583881    0.0067102347
  -0.0000001516    0.0013695842   -0.0000047434
  -0.0000004364    0.0014011142   -0.0000168090
   0.0000000055    0.0013796865   -0.0000135828
   0.0000000292    0.0013844724   -0.0000021706
   0.0000000094    0.0013810915   -0.0000007438
  -0.0000004550    0.0013859891   -0.0000037907
   0.0000000064    0.0013694166   -0.0000047248
   0.0000109787    0.0009745309   -0.0002460040
   0.0000002567    0.0013871809   -0.0000059500
   0.0000002416    0.0013802385    0.0000009266
   0.0000000038    0.0013839716   -0.0000003318
  -0.0000000260    0.0013725659   -0.0000023567
  -0.0000000013    0.0013687772   -0.0000074635
  -0.0000028638    0.0013834423   -0.0000398832
  -0.0000000018    0.0013719738   -0.0000107328
  -0.0000040736   -0.0013720979    0.0000012830
   0.0000000223   -0.0013730564   -0.0000001351
   0.0000000429   -0.0013732488    0.0000002299
   0.0000000276   -0.0013732553    0.0000000569
  -0.0000000277   -0.0013732645    0.0000000163
  -0.0000000068   -0.0013732313    0.0000000016
  -0.0000000210   -0.0013733507    0.0000001002
  -0.0000000145   -0.0013732301    0.0000000514
   0.0000000558   -0.0013733067   -0.0000006534
   0.0000000525   -0.0013733017   -0.0000000310
  -0.0000000128   -0.0013732723    0.0000000571
  -0.0000000095   -0.0013732115    0.0000000243
   0.0000000004   -0.0013733104    0.0000000642
  -0.0000000049   -0.0013732928    0.0000000709
  -0.0000000591   -0.0013731952   -0.0000000804
  -0.0000000339   -0.0013731908   -0.0000000218
  -0.0002628248   -0.0016830266   -0.0016749534
   0.0000004067   -0.0014131633    0.0000006510
  -0.0000007892   -0.0014209713    0.0000149083
  -0.0000000058   -0.0014188148    0.0000118217
  -0.0000001973   -0.0014099389    0.0000100568
  -0.0000000149   -0.0014093610    0.0000068625
   0.0000268545   -0.0013563234    0.0000438360
  -0.0000000251   -0.0014134052    0.0000011818
  -0.0000180260   -0.0014034637    0.0001465579
   0.0000001018   -0.0014161740    0.0000085160
   0.0000001482   -0.0014093533    0.0000047562
   0.0000000158   -0.0014091522    0.0000080992
   0.0000001481   -0.0014144992    0.0000003147
   0.0000000160   -0.0014164005    0.0000018322
  -0.0000180668   -0.0016544667   -0.0000704475
   0.0000001015   -0.0014135255    0.0000106431
  -0.0000058701    0.0014101976   -0.0000023655
  -0.0000000103    0.0014114665   -0.0000000139
   0.0000000076    0.0014113855   -0.0000000257
  -0.0000000003    0.0014113662   -0.0000000476
   0.0000000040    0.0014114285   -0.0000000273
   0.0000000009    0.0014114025   -0.0000000066
   0.0000000283    0.0014115897   -0.0000004941
   0.0000000135    0.0014113426   -0.0000000276
   0.0000001272    0.0014113846   -0.0000002023
  -0.0000000217    0.0014114545    0.0000000309
   0.0000000009    0.0014114282   -0.0000000365
   0.0000000013    0.0014114260   -0.0000000742
  -0.0000000006    0.0014113834   -0.0000000156
   0.0000000009    0.0014113248    0.0000000115
  -0.0000001138    0.0014111371    0.0000004820
   0.0000000023    0.0014113744    0.0000000188
   0.0000000272    0.0013732367   -0.0000000447
  -0.0000000001    0.0013732782    0.0000000061
   0.0000000030    0.0013732832    0.0000000059
   0.0000000000    0.0013732753   -0.0000000034
  -0.0000000000    0.0013732816   -0.0000000076
  -0.0000000000    0.0013732829   -0.0000000100
   0.0000000030    0.0013732615    0.0000000271
   0.0000000000    0.0013732781   -0.0000000029
   0.0000000137    0.0013732816   -0.0000000008
   0.0000000007    0.0013732702    0.0000000026
   0.0000000007    0.0013732776   -0.0000000040
   0.0000000001    0.0013732793   -0.0000000021
   0.0000000001    0.0013732807    0.0000000106
  -0.0000000001    0.0013732810    0.0000000077
   0.0000000042    0.0013732794    0.0000000097
   0.0000000002    0.0013732823   -0.0000000020
  -0.0000039116   -0.0013720354    0.0000012962
  -0.0000000026   -0.0013730756   -0.0000001353
  -0.0000000336   -0.0013732588    0.0000001865
  -0.0000000233   -0.0013732623    0.0000000283
   0.0000000290   -0.0013732198    0.0000000163
   0.0000000052   -0.0013732219    0.0000000016
   0.0000000305   -0.0013733608    0.0000001440
   0.0000000187   -0.0013732371    0.0000000801
  -0.0000001870   -0.0013736268   -0.0000005439
  -0.0000000427   -0.0013732921   -0.0000001041
   0.0000000174   -0.0013732072    0.0000000213
   0.0000000083   -0.0013732007    0.0000000271
   0.0000000008   -0.0013733010    0.0000000564
   0.0000000077   -0.0013732908    0.0000000777
   0.0000001491   -0.0013732575    0.0000001149
   0.0000000471   -0.0013731545    0.0000000018
   0.0000000227   -0.0014113909   -0.0000000087
   0.0000000006   -0.0014114008   -0.0000000059
   0.0000000012   -0.0014114047   -0.0000000053
   0.0000000002   -0.0014114045    0.0000000021
   0.0000000003   -0.0014114055    0.0000000090
   0.0000000001   -0.0014114077    0.0000000116
   0.0000000070   -0.0014114027    0.0000000195
   0.0000000004   -0.0014114027    0.0000000025
   0.0000000118   -0.0014113994    0.0000000267
   0.0000000006   -0.0014114038   -0.0000000046
   0.0000000005   -0.0014114017   -0.0000000014
   0.0000000002   -0.0014114034    0.0000000034
   0.0000000005   -0.0014114036   -0.0000000013
   0.0000000002   -0.0014114042    0.0000000039
   0.0000000118   -0.0014114520   -0.0000000179
   0.0000000006   -0.0014114015    0.0000000009
  -0.0000007809    0.0014121487    0.0000010162
   0.0000000113    0.0014114682   -0.0000000117
   0.0000000030    0.0014113480   -0.0000000159
  -0.0000000012    0.0014113721   -0.0000000218
  -0.0000000036    0.0014114255   -0.0000000576
  -0.0000000011    0.0014114042   -0.0000000170
   0.0000000208    0.0014116353   -0.0000004436
  -0.0000000179    0.0014113134   -0.0000000305
  -0.0000000979    0.0014113144   -0.0000001054
   0.0000000278    0.0014114737    0.0000000723
   0.0000000003    0.0014114162   -0.0000000503
  -0.0000000023    0.0014114060   -0.0000000828
   0.0000000019    0.0014113713   -0.0000000018
  -0.0000000019    0.0014113045    0.0000000199
   0.0000001433    0.0014110666    0.0000003854
   0.0000000038    0.0014113939   -0.0000000225
  -0.0000027634    0.0013323976   -0.0000111746
  -0.0000027732    0.0013323989   -0.0000112575
   0.0000002213    0.0013747412   -0.0000282960
   0.0000002253    0.0013931100   -0.0000124164
   0.0000000218    0.0013843851   -0.0000016855
   0.0000000218    0.0013843892   -0.0000016915
   0.0000002255    0.0013699326    0.0000075866
   0.0000002245    0.0013514920   -0.0000082782
   0.0000002544    0.0013742756   -0.0000170797
   0.0000119790    0.0015223148    0.0002286098
   0.0000000040    0.0013803239   -0.0000034785
   0.0000002430    0.0013802084    0.0000008968
  -0.0000000013    0.0013713545   -0.0000052503
  -0.0000000261    0.0013722947   -0.0000025896
  -0.0000000006    0.0013756058   -0.0000075912
  -0.0000028476    0.0013493466   -0.0000695058
   0.0000002417   -0.0013732045   -0.0000001860
  -0.0000000909   -0.0013730268   -0.0000000996
   0.0000000606   -0.0013731866    0.0000000281
   0.0000000507   -0.0013732582    0.0000001086
  -0.0000000306   -0.0013732859   -0.0000000302
  -0.0000000184   -0.0013732187    0.0000000076
   0.0000000125   -0.0013731686    0.0000000127
  -0.0000000492   -0.0013732095    0.0000000855
   0.0000000530   -0.0013731979   -0.0000000342
   0.0000001937   -0.0013736970    0.0000004387
  -0.0000000081   -0.0013732173    0.0000000242
  -0.0000000159   -0.0013732399    0.0000000755
  -0.0000000031   -0.0013732898    0.0000000490
   0.0000000015   -0.0013733087    0.0000000598
  -0.0000000225   -0.0013732530   -0.0000000915
  -0.0000002261   -0.0013734396   -0.0000003034
   0.0000270179   -0.0013908212   -0.0000530311
   0.0000003550   -0.0014246918   -0.0000183173
  -0.0000001224   -0.0014205790    0.0000203157
   0.0000004414   -0.0014222565    0.0000156969
  -0.0000000081   -0.0014102111    0.0000095129
  -0.0000001128   -0.0014066352    0.0000117133
   0.0000005021   -0.0014228293   -0.0000179587
  -0.0000010225   -0.0014096697    0.0000002234
  -0.0000014053   -0.0014136965    0.0000111106
   0.0000277613   -0.0014754749    0.0000514324
   0.0000000203   -0.0014064754    0.0000101477
   0.0000003949   -0.0014096890    0.0000045076
   0.0000000204   -0.0014197149   -0.0000013115
   0.0000003946   -0.0014148345    0.0000000449
  -0.0000014130   -0.0014251892    0.0000010013
   0.0000276884   -0.0014173229    0.0001017525
   0.0000000332    0.0014114361   -0.0000001781
  -0.0000000992    0.0014117665   -0.0000000361
   0.0000000009    0.0014113754   -0.0000000303
  -0.0000000001    0.0014113261   -0.0000001138
  -0.0000000002    0.0014114069    0.0000000604
   0.0000000039    0.0014114335   -0.0000000483
   0.0000000150    0.0014113514    0.0000000168
  -0.0000000199    0.0014112304    0.0000000730
   0.0000000055    0.0014114140    0.0000000407
   0.0000001073    0.0014113545   -0.0000002241
   0.0000000001    0.0014114194   -0.0000000506
   0.0000000028    0.0014114088   -0.0000000586
   0.0000000066    0.0014113581    0.0000000157
   0.0000000008    0.0014114013   -0.0000000183
  -0.0000000091    0.0014113970    0.0000000797
  -0.0000000615    0.0014112198   -0.0000003273
   0.0000000041    0.0013732861    0.0000000064
   0.0000000041    0.0013732860    0.0000000058
   0.0000000007    0.0013732720   -0.0000000046
   0.0000000007    0.0013732745   -0.0000000023
  -0.0000000000    0.0013732804   -0.0000000088
  -0.0000000000    0.0013732804   -0.0000000084
   0.0000000007    0.0013732779   -0.0000000033
   0.0000000007    0.0013732754   -0.0000000053
   0.0000000007    0.0013732742    0.0000000072
   0.0000000138    0.0013732579   -0.0000000212
   0.0000000001    0.0013732791   -0.0000000027
   0.0000000007    0.0013732847    0.0000000019
  -0.0000000001    0.0013732819    0.0000000076
   0.0000000001    0.0013732802    0.0000000097
   0.0000000002    0.0013732792   -0.0000000042
   0.0000000042    0.0013732887    0.0000000180
  -0.0000001299   -0.0013734960   -0.0000001862
   0.0000001863   -0.0013728081   -0.0000000999
  -0.0000000519   -0.0013732370   -0.0000000048
  -0.0000000406   -0.0013732517    0.0000000412
   0.0000000303   -0.0013732380   -0.0000000302
   0.0000000182   -0.0013731899    0.0000000076
  -0.0000000037   -0.0013732192    0.0000000454
   0.0000000594   -0.0013732030    0.0000001538
  -0.0000000410   -0.0013732563   -0.0000000477
  -0.0000003351   -0.0013736606    0.0000000493
   0.0000000066   -0.0013732012    0.0000000203
   0.0000000214   -0.0013731822    0.0000000510
   0.0000000055   -0.0013732877    0.0000000529
  -0.0000000003   -0.0013733037    0.0000000543
   0.0000000350   -0.0013732476   -0.0000000571
   0.0000003390   -0.0013732772   -0.0000000594
   0.0000000072   -0.0014113765    0.0000000129
   0.0000000029   -0.0014114013   -0.0000000153
   0.0000000006   -0.0014114000   -0.0000000011
   0.0000000005   -0.0014114014    0.0000000026
   0.0000000002   -0.0014114024    0.0000000101
   0.0000000002   -0.0014114017    0.0000000125
   0.0000000028   -0.0014114105   -0.0000000074
   0.0000000014   -0.0014114023    0.0000000090
   0.0000000013   -0.0014114043   -0.0000000069
   0.0000000073   -0.0014113967   -0.0000000022
   0.0000000002   -0.0014113995    0.0000000033
   0.0000000004   -0.0014114015   -0.0000000011
   0.0000000002   -0.0014114044    0.0000000011
   0.0000000004   -0.0014114002    0.0000000021
   0.0000000013   -0.0014113949    0.0000000047
   0.0000000074   -0.0014113814    0.0000000141
  -0.0000000111    0.0014114650   -0.0000000979
   0.0000001426    0.0014117505   -0.0000001332
  -0.0000000079    0.0014113745    0.0000000265
   0.0000000080    0.0014113088   -0.0000000645
  -0.0000000019    0.0014114085    0.0000000229
  -0.0000000030    0.0014114365   -0.0000000726
  -0.0000000129    0.0014113368    0.0000000195
   0.0000000344    0.0014111396    0.0000000942
  -0.0000000077    0.0014114101    0.0000000793
   0.0000000939    0.0014113221   -0.0000001072
  -0.0000000026    0.0014114113   -0.0000000557
  -0.0000000025    0.0014113980   -0.0000000745
  -0.0000000091    0.0014113500    0.0000000208
  -0.0000000005    0.0014113905   -0.0000000025
   0.0000000069    0.0014113933    0.0000000413
   0.0000002623    0.0014111871   -0.0000004463
   0.0000112152    0.0015098149   -0.0003179319
  -0.0000000473    0.0013776670   -0.0000025712
   0.0000000760    0.0013710233   -0.0000089269
  -0.0000000181    0.0013708024   -0.0000052580
   0.0000000723    0.0013769917   -0.0000140754
  -0.0000000182    0.0013785129   -0.0000119126
   0.0000121688    0.0016603229   -0.0004501487
  -0.0000000480    0.0013759134   -0.0000010523
  -0.0000028304    0.0013367948   -0.0000584732
  -0.0000000012    0.0013703152   -0.0000030247
  -0.0000000266    0.0013817878   -0.0000107912
  -0.0000000014    0.0013820347   -0.0000144836
   0.0000002449    0.0013983638   -0.0000147806
   0.0000000036    0.0013776852   -0.0000012001
   0.0000117438    0.0013659178    0.0003627551
   0.0000002569    0.0013558385   -0.0000012040
  -0.0000001242   -0.0013735984   -0.0000003946
  -0.0000000077   -0.0013732405    0.0000000512
   0.0000000220   -0.0013733081    0.0000000821
   0.0000000053   -0.0013732918    0.0000000186
  -0.0000000322   -0.0013732809    0.0000000699
  -0.0000000166   -0.0013732254    0.0000000617
  -0.0000003871   -0.0013730917   -0.0000001285
  -0.0000000032   -0.0013732938    0.0000000099
   0.0000002285   -0.0013730510    0.0000002382
   0.0000000012   -0.0013732533   -0.0000000538
  -0.0000000112   -0.0013732563    0.0000000873
   0.0000000049   -0.0013732296    0.0000001161
  -0.0000000654   -0.0013732988    0.0000000011
  -0.0000000054   -0.0013732445    0.0000000010
   0.0000002177   -0.0013726363    0.0000000408
  -0.0000000551   -0.0013730554    0.0000001083
   0.0000268625   -0.0014480967   -0.0000354281
  -0.0000000269   -0.0014061430    0.0000075236
  -0.0000001985   -0.0014205705    0.0000008780
  -0.0000000149   -0.0014176408   -0.0000002322
  -0.0000007935   -0.0014334038    0.0000041789
  -0.0000000059   -0.0014193993    0.0000111949
  -0.0002539630   -0.0036815854   -0.0035228496
   0.0000004066   -0.0014077006    0.0000052640
   0.0000001100   -0.0014369482    0.0000152819
  -0.0000001415   -0.0014183041   -0.0000023965
   0.0000000060   -0.0014224315    0.0000092431
   0.0000000401   -0.0014192336    0.0000150066
   0.0000001152   -0.0014191926    0.0000305855
  -0.0000001416   -0.0014070319    0.0000071754
  -0.0002672193   -0.0039798705   -0.0008360281
  -0.0000002146   -0.0014076051   -0.0000044862
   0.0000000736    0.0014112327   -0.0000000856
   0.0000000103    0.0014113970   -0.0000000607
  -0.0000000011    0.0014113687   -0.0000000263
  -0.0000000027    0.0014113731    0.0000000213
   0.0000000052    0.0014114164   -0.0000000677
  -0.0000000035    0.0014113538   -0.0000000472
  -0.0000026275    0.0014111605    0.0000020464
   0.0000000622    0.0014111572    0.0000001364
  -0.0000000134    0.0014113665   -0.0000000166
  -0.0000000112    0.0014114208    0.0000000247
   0.0000000010    0.0014113922   -0.0000000788
  -0.0000000020    0.0014113427   -0.0000001073
  -0.0000000389    0.0014112475    0.0000001401
   0.0000000170    0.0014113175    0.0000000597
   0.0000002903    0.0014110363   -0.0000000799
   0.0000000701    0.0014112199   -0.0000001269
   0.0000000138    0.0013732665   -0.0000000022
   0.0000000002    0.0013732776   -0.0000000001
   0.0000000002    0.0013732747   -0.0000000008
  -0.0000000001    0.0013732742   -0.0000000012
   0.0000000002    0.0013732732    0.0000000025
  -0.0000000001    0.0013732786   -0.0000000027
   0.0000000139    0.0013732506    0.0000000127
   0.0000000002    0.0013732779    0.0000000017
   0.0000000042    0.0013732878    0.0000000170
   0.0000000002    0.0013732729   -0.0000000008
   0.0000000001    0.0013732764   -0.0000000036
  -0.0000000001    0.0013732781   -0.0000000053
   0.0000000007    0.0013732780    0.0000000098
   0.0000000001    0.0013732778    0.0000000012
   0.0000000137    0.0013732707   -0.0000000312
   0.0000000007    0.0013732814    0.0000000021
  -0.0000000203   -0.0013733117   -0.0000005723
   0.0000000084   -0.0013732312    0.0000000542
  -0.0000000128   -0.0013732929    0.0000000454
  -0.0000000011   -0.0013732797    0.0000000038
   0.0000000415   -0.0013732656    0.0000001068
   0.0000000208   -0.0013732132    0.0000000766
   0.0000002346   -0.0013728028    0.0000000433
   0.0000000039   -0.0013732847    0.0000000069
  -0.0000001388   -0.0013731132    0.0000000425
   0.0000000120   -0.0013732171   -0.0000000776
   0.0000000124   -0.0013732469    0.0000000952
  -0.0000000020   -0.0013732275    0.0000001096
   0.0000000701   -0.0013732336    0.0000000369
   0.0000000041   -0.0013732338   -0.0000000018
  -0.0000003541   -0.0013729538   -0.0000000722
   0.0000000650   -0.0013730456    0.0000001815
   0.0000000070   -0.0014113984    0.0000000206
   0.0000000004   -0.0014114031    0.0000000009
   0.0000000003   -0.0014114020   -0.0000000045
   0.0000000001   -0.0014114035   -0.0000000016
   0.0000000012   -0.0014113947    0.0000000060
   0.0000000002   -0.0014114036    0.0000000062
   0.0000000227   -0.0014114196   -0.0000000324
   0.0000000006   -0.0014113993   -0.0000000033
   0.0000000028   -0.0014114076   -0.0000000059
   0.0000000003   -0.0014114031   -0.0000000011
   0.0000000002   -0.0014114094   -0.0000000079
   0.0000000002   -0.0014114111   -0.0000000041
   0.0000000028   -0.0014114125   -0.0000000082
   0.0000000003   -0.0014114027    0.0000000025
   0.0000000229   -0.0014114262    0.0000000061
   0.0000000009   -0.0014114029   -0.0000000046
  -0.0000000249    0.0014112777   -0.0000001359
  -0.0000000148    0.0014113678   -0.0000000578
   0.0000000015    0.0014113656    0.0000000039
   0.0000000025    0.0014113747    0.0000000318
   0.0000000054    0.0014113790   -0.0000000777
   0.0000000020    0.0014113598   -0.0000000730
  -0.0000040972    0.0014131309   -0.0000013545
  -0.0000000612    0.0014111587    0.0000001344
  -0.0000000062    0.0014114193    0.0000000939
   0.0000000108    0.0014114224    0.0000000262
   0.0000000025    0.0014113644   -0.0000000789
   0.0000000024    0.0014113405   -0.0000001075
   0.0000000193    0.0014113004    0.0000000296
  -0.0000000174    0.0014113190    0.0000000584
  -0.0000001130    0.0014111437   -0.0000000800
  -0.0000000940    0.0014110867   -0.0000001270
  -0.0000001469    0.0013643565   -0.0000045856
  -0.0000001756    0.0013927726    0.0000199664
  -0.0000000589    0.0013678262   -0.0000098902
  -0.0000000596    0.0013711359   -0.0000070294
  -0.0000000600    0.0013815283   -0.0000159975
  -0.0000000597    0.0013782161   -0.0000188696
  -0.0000001717    0.0013903657    0.0000220393
  -0.0000001809    0.0013617658   -0.0000024501
  -0.0000000000    0.0013666735   -0.0000061561
  -0.0000028567    0.0013708749   -0.0000290144
  -0.0000000016    0.0013794705   -0.0000167022
  -0.0000000264    0.0013820559   -0.0000105593
   0.0000000036    0.0013813426    0.0000019428
   0.0000002439    0.0013984153   -0.0000147807
   0.0000002562    0.0013687853    0.0000099244
   0.0000121820    0.0008127975   -0.0001135663
   0.0000000366   -0.0013731377    0.0000001297
  -0.0000000214   -0.0013732277    0.0000000023
   0.0000000263   -0.0013732980    0.0000000075
   0.0000000153   -0.0013732954    0.0000000616
  -0.0000000400   -0.0013732473    0.0000000077
  -0.0000000449   -0.0013732072    0.0000000987
  -0.0000000142   -0.0013733176   -0.0000000596
  -0.0000000197   -0.0013731724    0.0000000540
   0.0000000283   -0.0013732067   -0.0000000183
   0.0000001322   -0.0013733869   -0.0000000170
   0.0000000026   -0.0013732261    0.0000000922
  -0.0000000069   -0.0013732348    0.0000001022
  -0.0000000138   -0.0013732611   -0.0000000154
  -0.0000000520   -0.0013732659    0.0000000306
   0.0000000335   -0.0013731045    0.0000000326
  -0.0000003831   -0.0013735310    0.0000001908
   0.0000004957   -0.0013825255    0.0000170634
  -0.0000010291   -0.0014101710   -0.0000001278
  -0.0000000082   -0.0014204335    0.0000007102
  -0.0000001130   -0.0014202155    0.0000000304
  -0.0000001235   -0.0014347952    0.0000078989
   0.0000004397   -0.0014151387    0.0000217809
   0.0000270682   -0.0013360610   -0.0000056182
   0.0000003543   -0.0013881590    0.0000127145
   0.0000000974   -0.0014136530    0.0000004335
  -0.0000037953   -0.0014330942    0.0000092475
   0.0000000016   -0.0014226541    0.0000132348
   0.0000000480   -0.0014221377    0.0000093522
   0.0000000967   -0.0014089446    0.0000043858
  -0.0000037846   -0.0013846988    0.0000509088
  -0.0000033394   -0.0013797452    0.0000022770
  -0.0000196213   -0.0013297164   -0.0001822174
   0.0000000269    0.0014114177    0.0000000083
   0.0000000112    0.0014114485   -0.0000000866
  -0.0000000021    0.0014113737    0.0000000318
  -0.0000000020    0.0014113484   -0.0000000134
  -0.0000000150    0.0014113340    0.0000000453
  -0.0000000067    0.0014113586   -0.0000000864
   0.0000000574    0.0014112386    0.0000002219
   0.0000001318    0.0014106549    0.0000000330
  -0.0000000058    0.0014113956    0.0000000135
   0.0000000189    0.0014112327   -0.0000000456
  -0.0000000025    0.0014113536   -0.0000000853
  -0.0000000001    0.0014113667   -0.0000000973
   0.0000000147    0.0014113357    0.0000000893
  -0.0000000033    0.0014115225   -0.0000000510
   0.0000000620    0.0014112035   -0.0000000539
  -0.0000015268    0.0014127394    0.0000005957
   0.0000000029    0.0013732824    0.0000000161
   0.0000000030    0.0013732633   -0.0000000007
  -0.0000000000    0.0013732715   -0.0000000018
  -0.0000000000    0.0013732740    0.0000000006
  -0.0000000000    0.0013732759    0.0000000007
  -0.0000000000    0.0013732734   -0.0000000013
   0.0000000030    0.0013732818   -0.0000000152
   0.0000000030    0.0013733008    0.0000000012
   0.0000000002    0.0013732752    0.0000000016
   0.0000000042    0.0013732784    0.0000000089
  -0.0000000001    0.0013732782   -0.0000000061
   0.0000000001    0.0013732780   -0.0000000026
   0.0000000001    0.0013732782    0.0000000012
   0.0000000007    0.0013732713    0.0000000039
   0.0000000007    0.0013732760   -0.0000000015
   0.0000000138    0.0013732935   -0.0000000111
  -0.0000000294   -0.0013731494    0.0000000951
   0.0000000288   -0.0013731897    0.0000000034
  -0.0000000184   -0.0013732810   -0.0000000376
  -0.0000000069   -0.0013732657    0.0000000210
   0.0000000479   -0.0013732302    0.0000000527
   0.0000000535   -0.0013731773    0.0000001397
   0.0000000214   -0.0013733298   -0.0000000252
   0.0000000272   -0.0013731344    0.0000000531
  -0.0000000159   -0.0013732012   -0.0000000529
  -0.0000000204   -0.0013732254   -0.0000002597
  -0.0000000002   -0.0013732238    0.0000000882
   0.0000000080   -0.0013732296    0.0000001079
   0.0000000123   -0.0013732452   -0.0000000115
   0.0000000577   -0.0013732081    0.0000000552
  -0.0000000216   -0.0013731630    0.0000000459
   0.0000002386   -0.0013734966    0.0000005814
   0.0000000028   -0.0014114012   -0.0000000030
   0.0000000014   -0.0014114008    0.0000000073
   0.0000000002   -0.0014113972   -0.0000000023
   0.0000000002   -0.0014113990   -0.0000000026
   0.0000000006   -0.0014114017    0.0000000020
   0.0000000005   -0.0014113987    0.0000000095
   0.0000000072   -0.0014113931   -0.0000000018
   0.0000000029   -0.0014114027   -0.0000000137
   0.0000000006   -0.0014114024   -0.0000000024
   0.0000000020   -0.0014114034    0.0000000058
   0.0000000001   -0.0014114087   -0.0000000055
   0.0000000002   -0.0014114080   -0.0000000076
   0.0000000006   -0.0014114039   -0.0000000001
   0.0000000020   -0.0014113903    0.0000000215
   0.0000000020   -0.0014113878    0.0000000023
   0.0000000123   -0.0014113864   -0.0000000422
  -0.0000000248    0.0014114032    0.0000000056
   0.0000000031    0.0014113581   -0.0000001081
   0.0000000001    0.0014113752    0.0000000693
   0.0000000028    0.0014113512    0.0000000109
   0.0000000080    0.0014113330   -0.0000000116
   0.0000000147    0.0014113413   -0.0000001362
  -0.0000000352    0.0014112674    0.0000001418
  -0.0000000883    0.0014106382    0.0000001305
   0.0000000067    0.0014114047    0.0000000374
  -0.0000000011    0.0014112805    0.0000000117
  -0.0000000028    0.0014113613   -0.0000000854
   0.0000000041    0.0014113443   -0.0000000974
  -0.0000000139    0.0014113448    0.0000000654
   0.0000000212    0.0014115707   -0.0000001084
  -0.0000000570    0.0014112220   -0.0000000539
  -0.0000053005    0.0014086965    0.0000006019

33   
  0.0045801749590462   0.0058194991440612   0.0067197787952281
   0.0002628295    0.0016446292    0.0016751958
  -0.0000004066    0.0013749697   -0.0000005921
  -0.0000268544    0.0013181576   -0.0000437975
   0.0000000252    0.0013753287   -0.0000012246
   0.0000001972    0.0013718195   -0.0000100618
   0.0000000149    0.0013712733   -0.0000068948
   0.0000007890    0.0013828392   -0.0000149038
   0.0000000057    0.0013806137   -0.0000117575
   0.0000196221    0.0012915912    0.0001822193
   0.0000033396    0.0013416181   -0.0000022774
   0.0000037843    0.0013466689   -0.0000509880
  -0.0000000967    0.0013708935   -0.0000044497
  -0.0000000480    0.0013840124   -0.0000093527
  -0.0000000016    0.0013845287   -0.0000132354
   0.0000037955    0.0013948758   -0.0000091674
  -0.0000000973    0.0013754536   -0.0000003694
   0.0000021035   -0.0013734029   -0.0000013800
  -0.0000000011   -0.0013732926    0.0000000481
  -0.0000000320   -0.0013735372    0.0000004276
  -0.0000000141   -0.0013732246    0.0000000206
   0.0000000201   -0.0013733001    0.0000000466
   0.0000000089   -0.0013732946   -0.0000000011
  -0.0000000364   -0.0013732263    0.0000000352
  -0.0000000145   -0.0013732204    0.0000000547
  -0.0000000198   -0.0013731103    0.0000000805
  -0.0000000725   -0.0013730918    0.0000001262
   0.0000001254   -0.0013731568   -0.0000001227
   0.0000000023   -0.0013732295   -0.0000000778
  -0.0000000194   -0.0013732390    0.0000000789
  -0.0000000017   -0.0013732146    0.0000001075
  -0.0000000379   -0.0013732073   -0.0000000008
   0.0000000001   -0.0013732653   -0.0000000059
  -0.0006710938   -0.0070991296   -0.0067130995
   0.0000001304   -0.0014076131    0.0000046773
   0.0000004652   -0.0014239916    0.0000036784
  -0.0000000092   -0.0014076130    0.0000047079
  -0.0000000281   -0.0014225841    0.0000021530
  -0.0000000075   -0.0014192513    0.0000007436
   0.0000004466   -0.0014391845    0.0000167556
  -0.0000000083   -0.0014177245    0.0000134292
  -0.0000122521   -0.0008517483    0.0001136943
  -0.0000002617   -0.0014069036   -0.0000098659
  -0.0000002432   -0.0014364942    0.0000148072
  -0.0000000019   -0.0014195489   -0.0000018949
   0.0000000240   -0.0014201643    0.0000105229
  -0.0000000003   -0.0014175905    0.0000166065
   0.0000027711   -0.0014090295    0.0000288852
  -0.0000000144   -0.0014047340    0.0000060625
   0.0000049603    0.0014135402   -0.0000005166
   0.0000000965    0.0014111390    0.0000001153
  -0.0000000795    0.0014114070   -0.0000001144
   0.0000000106    0.0014113876   -0.0000000390
  -0.0000000018    0.0014113649   -0.0000000107
  -0.0000000049    0.0014113599    0.0000000456
   0.0000000100    0.0014113766   -0.0000000781
   0.0000000003    0.0014113625   -0.0000000653
   0.0000000470    0.0014111821    0.0000000013
   0.0000000911    0.0014113708    0.0000000008
  -0.0000000164    0.0014113682   -0.0000000026
  -0.0000000150    0.0014113730    0.0000000462
   0.0000000001    0.0014113771   -0.0000000676
  -0.0000000029    0.0014113477   -0.0000001129
  -0.0000000217    0.0014113486    0.0000001970
   0.0000000215    0.0014112693    0.0000000182
  -0.0000000227    0.0013732656    0.0000000085
  -0.0000000005    0.0013732758    0.0000000055
  -0.0000000070    0.0013732766   -0.0000000190
  -0.0000000004    0.0013732769   -0.0000000023
  -0.0000000003    0.0013732796   -0.0000000088
  -0.0000000001    0.0013732814   -0.0000000112
  -0.0000000012    0.0013732792    0.0000000051
  -0.0000000002    0.0013732799   -0.0000000031
  -0.0000000122    0.0013732609    0.0000000423
  -0.0000000020    0.0013732624   -0.0000000022
  -0.0000000019    0.0013732640   -0.0000000208
  -0.0000000005    0.0013732779    0.0000000007
  -0.0000000001    0.0013732827    0.0000000075
  -0.0000000001    0.0013732834    0.0000000053
  -0.0000000019    0.0013732788   -0.0000000066
  -0.0000000005    0.0013732776    0.0000000018
   0.0000045799   -0.0013748421    0.0000008619
  -0.0000000000   -0.0013732526    0.0000000972
  -0.0000000168   -0.0013734955    0.0000004589
   0.0000000184   -0.0013732025    0.0000000186
  -0.0000000206   -0.0013732983    0.0000000433
  -0.0000000086   -0.0013732959   -0.0000000031
   0.0000000260   -0.0013732247    0.0000000335
   0.0000000160   -0.0013732221    0.0000000524
  -0.0000001583   -0.0013727915    0.0000000800
   0.0000000962   -0.0013729633    0.0000001263
  -0.0000001055   -0.0013731829   -0.0000001049
  -0.0000000020   -0.0013732248   -0.0000000965
   0.0000000160   -0.0013732403    0.0000000789
   0.0000000013   -0.0013732179    0.0000001076
   0.0000000573   -0.0013732327   -0.0000000178
   0.0000000001   -0.0013732603    0.0000000133
  -0.0000000260   -0.0014113554    0.0000000564
  -0.0000000002   -0.0014114049   -0.0000000059
  -0.0000000030   -0.0014113868   -0.0000000268
   0.0000000000   -0.0014114030    0.0000000031
  -0.0000000000   -0.0014114070    0.0000000064
   0.0000000001   -0.0014114080    0.0000000090
  -0.0000000030   -0.0014114093   -0.0000000050
   0.0000000000   -0.0014114022    0.0000000051
  -0.0000000147   -0.0014114308    0.0000000113
  -0.0000000008   -0.0014114012    0.0000000013
  -0.0000000008   -0.0014113967   -0.0000000052
  -0.0000000000   -0.0014114027   -0.0000000021
  -0.0000000001   -0.0014114037    0.0000000021
   0.0000000001   -0.0014114036    0.0000000067
  -0.0000000048   -0.0014114054   -0.0000000097
  -0.0000000003   -0.0014114015   -0.0000000017
   0.0000014487    0.0014107876   -0.0000005104
  -0.0000000932    0.0014109903    0.0000001151
   0.0000000647    0.0014114507   -0.0000000534
  -0.0000000109    0.0014113790   -0.0000000460
   0.0000000025    0.0014113683   -0.0000000108
   0.0000000057    0.0014113680    0.0000000453
  -0.0000000246    0.0014114194   -0.0000001384
  -0.0000000006    0.0014113537   -0.0000000582
  -0.0000000623    0.0014112272   -0.0000001133
  -0.0000001060    0.0014112462   -0.0000000250
   0.0000000136    0.0014113786    0.0000000087
   0.0000000174    0.0014113898    0.0000000534
  -0.0000000002    0.0014113777   -0.0000000684
   0.0000000033    0.0014113499   -0.0000001108
   0.0000000054    0.0014113525    0.0000002114
  -0.0000000203    0.0014112624   -0.0000000043
  -0.0000003549    0.0013863517    0.0000185036
  -0.0000270173    0.0013525939    0.0000531190
   0.0000010226    0.0013715998   -0.0000002718
  -0.0000005018    0.0013848536    0.0000178292
   0.0000001128    0.0013685448   -0.0000117431
   0.0000000081    0.0013721015   -0.0000095262
  -0.0000004415    0.0013840748   -0.0000156496
   0.0000001224    0.0013823717   -0.0000202461
   0.0000002146    0.0013694796    0.0000044861
   0.0002672289    0.0039417303    0.0008360303
   0.0000001416    0.0013689933   -0.0000072497
  -0.0000001154    0.0013810647   -0.0000305819
  -0.0000000401    0.0013811080   -0.0000150074
  -0.0000000060    0.0013843060   -0.0000092435
   0.0000001417    0.0013800926    0.0000024712
  -0.0000001099    0.0013988260   -0.0000152847
  -0.0000000521   -0.0013734508    0.0000000558
   0.0000000392   -0.0013731685    0.0000004052
  -0.0000000123   -0.0013732755   -0.0000000467
  -0.0000000803   -0.0013730559   -0.0000000989
   0.0000000297   -0.0013732929   -0.0000000387
   0.0000000193   -0.0013733106    0.0000000617
  -0.0000000389   -0.0013732482    0.0000000167
  -0.0000000516   -0.0013731882    0.0000000891
   0.0000000094   -0.0013731342    0.0000000539
   0.0000008312   -0.0013740738   -0.0000005988
   0.0000000231   -0.0013732196   -0.0000000708
   0.0000000639   -0.0013733130    0.0000001655
   0.0000000075   -0.0013732318    0.0000000850
  -0.0000000163   -0.0013732281    0.0000000971
  -0.0000000123   -0.0013732766   -0.0000000314
  -0.0000000207   -0.0013732375   -0.0000000682
   0.0000026825   -0.0013703575    0.0000111046
   0.0000026734   -0.0013703531    0.0000110243
  -0.0000002292   -0.0013897969    0.0000082799
  -0.0000002301   -0.0014081379   -0.0000075012
  -0.0000000208   -0.0014225149    0.0000016780
  -0.0000000208   -0.0014225106    0.0000016722
  -0.0000002298   -0.0014311047    0.0000123200
  -0.0000002259   -0.0014128337    0.0000281143
  -0.0000002625   -0.0013940829    0.0000011545
  -0.0000118120   -0.0014040740   -0.0003619454
  -0.0000000019   -0.0014159075    0.0000012343
  -0.0000002442   -0.0014365153    0.0000147446
  -0.0000000004   -0.0014201332    0.0000144069
   0.0000000243   -0.0014198963    0.0000107546
  -0.0000000132   -0.0014083757    0.0000029312
   0.0000027450   -0.0013748271    0.0000584476
   0.0000000620    0.0014112045    0.0000001537
   0.0000003545    0.0014114463    0.0000003583
   0.0000000142    0.0014113468    0.0000000090
   0.0000000008    0.0014114243   -0.0000000940
  -0.0000000012    0.0014113703    0.0000000687
  -0.0000000023    0.0014113545   -0.0000000120
  -0.0000000088    0.0014113699    0.0000000160
   0.0000000033    0.0014113303   -0.0000001711
   0.0000000495    0.0014112452   -0.0000000351
   0.0000037103    0.0014096566    0.0000008969
  -0.0000000104    0.0014113944    0.0000000428
  -0.0000000092    0.0014113634   -0.0000000938
  -0.0000000006    0.0014113623   -0.0000000774
   0.0000000005    0.0014113722   -0.0000000964
   0.0000000156    0.0014113621    0.0000000893
   0.0000000786    0.0014113994   -0.0000000893
  -0.0000000028    0.0013732767    0.0000000144
  -0.0000000071    0.0013732501   -0.0000000122
  -0.0000000014    0.0013732764   -0.0000000086
  -0.0000000028    0.0013732843    0.0000000080
  -0.0000000002    0.0013732755   -0.0000000120
  -0.0000000002    0.0013732764   -0.0000000099
  -0.0000000005    0.0013732767   -0.0000000035
  -0.0000000006    0.0013732752    0.0000000003
  -0.0000000008    0.0013732775    0.0000000047
  -0.0000000229    0.0013733007   -0.0000000060
  -0.0000000003    0.0013732763   -0.0000000016
  -0.0000000027    0.0013732873    0.0000000080
  -0.0000000002    0.0013732855    0.0000000041
  -0.0000000002    0.0013732838    0.0000000078
  -0.0000000003    0.0013732785    0.0000000002
  -0.0000000027    0.0013732818    0.0000000060
   0.0000000295   -0.0013733960    0.0000000727
  -0.0000000828   -0.0013731775    0.0000005600
   0.0000000101   -0.0013732441   -0.0000000384
   0.0000000656   -0.0013730747   -0.0000000774
  -0.0000000276   -0.0013732932   -0.0000000396
  -0.0000000201   -0.0013733098    0.0000000579
   0.0000000460   -0.0013732538    0.0000000058
   0.0000000438   -0.0013731995    0.0000000850
  -0.0000000146   -0.0013730401    0.0000000539
   0.0000059157   -0.0013711415   -0.0000005914
  -0.0000000240   -0.0013732136   -0.0000000843
  -0.0000000817   -0.0013733149    0.0000001809
  -0.0000000023   -0.0013732315    0.0000000850
   0.0000000123   -0.0013732314    0.0000000972
   0.0000000113   -0.0013732701   -0.0000000171
   0.0000000030   -0.0013732390   -0.0000000830
  -0.0000000048   -0.0014114114   -0.0000000067
  -0.0000000048   -0.0014114115   -0.0000000073
  -0.0000000008   -0.0014114003    0.0000000053
  -0.0000000008   -0.0014114031    0.0000000030
   0.0000000000   -0.0014114056    0.0000000075
   0.0000000000   -0.0014114056    0.0000000078
  -0.0000000008   -0.0014114010    0.0000000029
  -0.0000000008   -0.0014113981    0.0000000055
  -0.0000000008   -0.0014114061   -0.0000000019
  -0.0000000146   -0.0014114012    0.0000000372
  -0.0000000000   -0.0014114022   -0.0000000020
  -0.0000000008   -0.0014114029   -0.0000000108
   0.0000000001   -0.0014114036    0.0000000057
  -0.0000000001   -0.0014114018    0.0000000032
  -0.0000000003   -0.0014113987    0.0000000010
  -0.0000000048   -0.0014114131   -0.0000000164
  -0.0000000460    0.0014111189    0.0000001530
  -0.0000004452    0.0014108196    0.0000003585
  -0.0000000150    0.0014113422   -0.0000000069
   0.0000000068    0.0014114271   -0.0000000924
   0.0000000003    0.0014113714    0.0000000684
   0.0000000032    0.0014113588   -0.0000000121
   0.0000000080    0.0014113648    0.0000000319
   0.0000000041    0.0014113328   -0.0000001734
  -0.0000000453    0.0014112018   -0.0000000622
   0.0000020594    0.0014109131   -0.0000012913
   0.0000000101    0.0014113977    0.0000000536
   0.0000000110    0.0014113645   -0.0000000811
  -0.0000000002    0.0014113630   -0.0000000779
  -0.0000000003    0.0014113717   -0.0000000965
  -0.0000000158    0.0014113431    0.0000000839
  -0.0000000997    0.0014113602   -0.0000001772
   0.0002539500    0.0036437298    0.0035226116
  -0.0000004065    0.0013696428   -0.0000053231
   0.0000007935    0.0013952846   -0.0000041844
   0.0000000059    0.0013813492   -0.0000112605
   0.0000001986    0.0013824393   -0.0000008730
   0.0000000150    0.0013794779    0.0000002645
  -0.0000268621    0.0014100140    0.0000353904
   0.0000000270    0.0013679679   -0.0000074817
  -0.0000276889    0.0013793659   -0.0001018983
   0.0000014131    0.0013871915   -0.0000011119
  -0.0000003944    0.0013767232   -0.0000000559
  -0.0000000203    0.0013816164    0.0000012881
  -0.0000003949    0.0013715506   -0.0000044966
  -0.0000000203    0.0013683232   -0.0000101246
  -0.0000277616    0.0014371819   -0.0000512905
   0.0000014051    0.0013754433   -0.0000110014
   0.0000071548   -0.0013721995    0.0000017235
   0.0000000023   -0.0013731221   -0.0000001703
  -0.0000000218   -0.0013732889    0.0000000581
   0.0000000235   -0.0013732529    0.0000000399
  -0.0000000245   -0.0013732455    0.0000000073
  -0.0000000065   -0.0013732314   -0.0000000131
   0.0000000414   -0.0013731208    0.0000001515
  -0.0000000185   -0.0013732567    0.0000000673
   0.0000000126   -0.0013727431   -0.0000003298
   0.0000000397   -0.0013733212   -0.0000000520
  -0.0000000184   -0.0013732416    0.0000000056
  -0.0000000186   -0.0013731878   -0.0000000133
   0.0000000018   -0.0013732800    0.0000000468
  -0.0000000062   -0.0013732950    0.0000000757
  -0.0000001307   -0.0013734187    0.0000000502
  -0.0000000212   -0.0013732565    0.0000000026
  -0.0000122060   -0.0016979907    0.0004499173
   0.0000000483   -0.0014141412    0.0000010850
  -0.0000000858   -0.0014151220    0.0000140545
   0.0000000139   -0.0014166933    0.0000119031
  -0.0000000896   -0.0014091454    0.0000089005
   0.0000000138   -0.0014089123    0.0000051890
  -0.0000112512   -0.0015477893    0.0003179663
   0.0000000477   -0.0014157392    0.0000024688
   0.0000027612   -0.0013875548    0.0000696278
  -0.0000000139   -0.0014138234    0.0000076326
   0.0000000238   -0.0014104277    0.0000025746
  -0.0000000006   -0.0014095073    0.0000052211
  -0.0000002423   -0.0014183307   -0.0000009574
  -0.0000000023   -0.0014184286    0.0000034105
  -0.0000120467   -0.0015596280   -0.0002285304
  -0.0000002599   -0.0014123019    0.0000168431
  -0.0000004070    0.0014114495   -0.0000000434
  -0.0000000251    0.0014114773    0.0000000552
  -0.0000000069    0.0014113739   -0.0000000930
   0.0000000010    0.0014113541   -0.0000000379
   0.0000000043    0.0014114265   -0.0000000385
   0.0000000004    0.0014113979    0.0000000012
   0.0000000493    0.0014115811    0.0000003826
   0.0000000097    0.0014113369   -0.0000000413
  -0.0000000005    0.0014113862    0.0000002405
  -0.0000000122    0.0014113387    0.0000000532
  -0.0000000009    0.0014114239   -0.0000000438
   0.0000000005    0.0014114256   -0.0000000592
   0.0000000004    0.0014113547   -0.0000000005
  -0.0000000040    0.0014113051   -0.0000000026
  -0.0000001197    0.0014112960   -0.0000000137
   0.0000000530    0.0014113520   -0.0000000403
  -0.0000000227    0.0013732936    0.0000000328
  -0.0000000005    0.0013732732    0.0000000039
  -0.0000000012    0.0013732689   -0.0000000058
  -0.0000000002    0.0013732769   -0.0000000052
  -0.0000000003    0.0013732766    0.0000000042
  -0.0000000001    0.0013732785    0.0000000009
  -0.0000000070    0.0013732732   -0.0000000210
  -0.0000000004    0.0013732777   -0.0000000010
  -0.0000000073    0.0013732552   -0.0000000134
  -0.0000000013    0.0013732684   -0.0000000036
  -0.0000000004    0.0013732750   -0.0000000023
  -0.0000000002    0.0013732791   -0.0000000011
  -0.0000000004    0.0013732760    0.0000000012
  -0.0000000002    0.0013732741   -0.0000000033
  -0.0000000073    0.0013732720    0.0000000016
  -0.0000000013    0.0013732800    0.0000000060
  -0.0000003828   -0.0013736584   -0.0000005336
  -0.0000000035   -0.0013730822   -0.0000002192
   0.0000000112   -0.0013732873    0.0000000600
  -0.0000000220   -0.0013732547    0.0000000423
   0.0000000239   -0.0013732436    0.0000000109
   0.0000000066   -0.0013732327   -0.0000000105
  -0.0000000905   -0.0013730793    0.0000001199
   0.0000000229   -0.0013732340    0.0000000697
  -0.0000000417   -0.0013727562   -0.0000001643
  -0.0000000460   -0.0013733414   -0.0000000682
   0.0000000170   -0.0013732424    0.0000000067
   0.0000000195   -0.0013731855   -0.0000000129
  -0.0000000031   -0.0013732807    0.0000000459
   0.0000000072   -0.0013732922    0.0000000758
   0.0000001010   -0.0013734312   -0.0000001142
   0.0000000151   -0.0013732763    0.0000000184
  -0.0000000147   -0.0014113723   -0.0000000235
  -0.0000000001   -0.0014114022   -0.0000000022
  -0.0000000004   -0.0014113984   -0.0000000038
   0.0000000001   -0.0014114034    0.0000000021
  -0.0000000003   -0.0014114003   -0.0000000002
   0.0000000001   -0.0014114002    0.0000000015
  -0.0000000146   -0.0014113956   -0.0000000022
  -0.0000000001   -0.0014114033    0.0000000007
  -0.0000000048   -0.0014114137   -0.0000000176
  -0.0000000003   -0.0014114035    0.0000000031
  -0.0000000001   -0.0014114053   -0.0000000103
   0.0000000001   -0.0014114072   -0.0000000074
  -0.0000000008   -0.0014114102   -0.0000000027
  -0.0000000000   -0.0014114044    0.0000000024
  -0.0000000146   -0.0014113815    0.0000000210
  -0.0000000008   -0.0014114013   -0.0000000052
   0.0000002827    0.0014116333    0.0000002672
   0.0000000249    0.0014114893    0.0000000786
   0.0000000074    0.0014113765   -0.0000000856
  -0.0000000007    0.0014113534   -0.0000000387
  -0.0000000038    0.0014114289   -0.0000000461
  -0.0000000001    0.0014113967    0.0000000016
  -0.0000001744    0.0014117641    0.0000000727
  -0.0000000099    0.0014113484   -0.0000000651
  -0.0000000159    0.0014113907    0.0000002255
   0.0000000133    0.0014113328    0.0000000757
   0.0000000009    0.0014114246   -0.0000000432
  -0.0000000002    0.0014114277   -0.0000000617
  -0.0000000031    0.0014113649   -0.0000000120
   0.0000000064    0.0014113215   -0.0000000103
   0.0000001044    0.0014113403    0.0000001004
  -0.0000000678    0.0014112279   -0.0000000145
  -0.0000003544    0.0013502495   -0.0000128998
  -0.0000270682    0.0012980337    0.0000055287
  -0.0000004398    0.0013770691   -0.0000218301
   0.0000001234    0.0013967511   -0.0000079694
   0.0000001131    0.0013820557   -0.0000000005
   0.0000000083    0.0013822926   -0.0000006967
   0.0000010291    0.0013719901    0.0000001749
  -0.0000004957    0.0013442491   -0.0000169338
  -0.0000001014    0.0013755052   -0.0000107340
   0.0000180670    0.0016165367    0.0000702800
  -0.0000000159    0.0013782823   -0.0000018386
  -0.0000001480    0.0013763801   -0.0000003194
  -0.0000000158    0.0013710199   -0.0000080936
  -0.0000001482    0.0013712220   -0.0000047514
  -0.0000001018    0.0013779436   -0.0000084260
   0.0000180249    0.0013651441   -0.0001463904
   0.0000000665   -0.0013730825   -0.0000000987
  -0.0000001028   -0.0013729772   -0.0000004021
   0.0000000449   -0.0013732294   -0.0000000316
   0.0000000215   -0.0013732163    0.0000001110
  -0.0000000256   -0.0013732642   -0.0000000534
  -0.0000000165   -0.0013732239   -0.0000000003
  -0.0000000082   -0.0013732853    0.0000000208
  -0.0000000493   -0.0013732629    0.0000001129
   0.0000000271   -0.0013732789   -0.0000000732
  -0.0000000342   -0.0013732119    0.0000001595
  -0.0000000076   -0.0013732223   -0.0000000076
  -0.0000000187   -0.0013732437    0.0000000336
  -0.0000000002   -0.0013733030    0.0000000424
   0.0000000046   -0.0013733067    0.0000000429
  -0.0000000297   -0.0013732766   -0.0000000471
  -0.0000002075   -0.0013729561    0.0000003926
   0.0000001957   -0.0014001884    0.0000025357
   0.0000001864   -0.0014286495   -0.0000218346
   0.0000000511   -0.0014163761    0.0000188654
   0.0000000515   -0.0014197009    0.0000159816
   0.0000000511   -0.0014092521    0.0000069664
   0.0000000504   -0.0014059290    0.0000098382
   0.0000001902   -0.0014307245   -0.0000200499
   0.0000001615   -0.0014024455    0.0000043829
  -0.0000000127   -0.0014101924    0.0000107736
   0.0000027778   -0.0014217701    0.0000398996
  -0.0000000005   -0.0014069517    0.0000074160
   0.0000000236   -0.0014106985    0.0000023418
  -0.0000000021   -0.0014220604    0.0000002775
  -0.0000002409   -0.0014182879   -0.0000009245
  -0.0000002621   -0.0014250828    0.0000058208
  -0.0000110476   -0.0010126335    0.0002453979
  -0.0000000233    0.0014113486   -0.0000000305
  -0.0000001338    0.0014113796   -0.0000000406
   0.0000000052    0.0014113743    0.0000000150
  -0.0000000003    0.0014113500   -0.0000001242
   0.0000000011    0.0014114165    0.0000000509
   0.0000000053    0.0014114334   -0.0000000466
   0.0000000100    0.0014113683    0.0000000110
   0.0000000349    0.0014111948   -0.0000000846
   0.0000000078    0.0014113757    0.0000000933
  -0.0000000492    0.0014113089   -0.0000002578
  -0.0000000012    0.0014114221   -0.0000000418
   0.0000000005    0.0014114293   -0.0000000626
   0.0000000058    0.0014113592    0.0000000251
   0.0000000096    0.0014113803   -0.0000000646
   0.0000000101    0.0014113760    0.0000000522
   0.0000004737    0.0014112079    0.0000000444
  -0.0000000028    0.0013732759    0.0000000147
  -0.0000000071    0.0013732682    0.0000000012
  -0.0000000005    0.0013732721   -0.0000000086
  -0.0000000006    0.0013732753   -0.0000000012
  -0.0000000002    0.0013732740    0.0000000019
  -0.0000000002    0.0013732719    0.0000000019
  -0.0000000014    0.0013732754   -0.0000000076
  -0.0000000028    0.0013732760    0.0000000025
  -0.0000000006    0.0013732747    0.0000000004
  -0.0000000118    0.0013733267    0.0000000178
  -0.0000000002    0.0013732790   -0.0000000041
  -0.0000000005    0.0013732783    0.0000000012
  -0.0000000002    0.0013732776   -0.0000000033
  -0.0000000005    0.0013732760    0.0000000015
  -0.0000000006    0.0013732798    0.0000000033
  -0.0000000118    0.0013732736   -0.0000000265
  -0.0000000889   -0.0013730285   -0.0000001148
   0.0000000592   -0.0013729861   -0.0000005581
  -0.0000000377   -0.0013732350   -0.0000000204
  -0.0000000294   -0.0013732281    0.0000001156
   0.0000000275   -0.0013732644   -0.0000000518
   0.0000000155   -0.0013732231    0.0000000038
   0.0000000060   -0.0013732535    0.0000000127
   0.0000000352   -0.0013732803    0.0000000926
  -0.0000000249   -0.0013732799   -0.0000000628
  -0.0000001675   -0.0013733354    0.0000002743
   0.0000000100   -0.0013732152   -0.0000000119
   0.0000000182   -0.0013732412    0.0000000351
   0.0000000027   -0.0013732954    0.0000000471
  -0.0000000050   -0.0013733041    0.0000000417
   0.0000000318   -0.0013732777   -0.0000000571
   0.0000000080   -0.0013730776    0.0000002783
  -0.0000000029   -0.0014114239   -0.0000000008
  -0.0000000029   -0.0014114061    0.0000000146
  -0.0000000001   -0.0014113985    0.0000000006
  -0.0000000001   -0.0014114008   -0.0000000011
  -0.0000000001   -0.0014113994   -0.0000000008
  -0.0000000001   -0.0014113971    0.0000000014
  -0.0000000029   -0.0014113887    0.0000000010
  -0.0000000029   -0.0014114066   -0.0000000148
  -0.0000000003   -0.0014114069    0.0000000006
  -0.0000000048   -0.0014114058   -0.0000000106
   0.0000000001   -0.0014114060   -0.0000000073
  -0.0000000001   -0.0014114059   -0.0000000114
  -0.0000000000   -0.0014114045    0.0000000019
  -0.0000000008   -0.0014114032    0.0000000030
  -0.0000000008   -0.0014113976   -0.0000000009
  -0.0000000146   -0.0014114117   -0.0000000052
   0.0000000237    0.0014113594   -0.0000000080
   0.0000001157    0.0014114437    0.0000000737
  -0.0000000065    0.0014113684    0.0000000118
   0.0000000028    0.0014113482   -0.0000001206
  -0.0000000024    0.0014114102    0.0000000537
  -0.0000000029    0.0014114314   -0.0000000506
  -0.0000000096    0.0014113791   -0.0000000118
  -0.0000000532    0.0014112561   -0.0000001991
  -0.0000000080    0.0014113573    0.0000000980
   0.0000000284    0.0014112695   -0.0000001707
   0.0000000003    0.0014114228   -0.0000000414
  -0.0000000003    0.0014114288   -0.0000000627
  -0.0000000061    0.0014113624    0.0000000139
  -0.0000000078    0.0014113814   -0.0000000775
  -0.0000000059    0.0014113325    0.0000000790
   0.0000052224    0.0014124456    0.0000022155

33   
 -0.0045801749590462  -0.0058194991440612  -0.0067197787952281
  -0.0002585532    0.0011272060   -0.0017068691
   0.0000004045    0.0013716111    0.0000005624
   0.0000269334    0.0014276819    0.0000431346
  -0.0000000259    0.0013712342    0.0000011870
  -0.0000001982    0.0013746941    0.0000099718
  -0.0000000150    0.0013752493    0.0000068261
  -0.0000008037    0.0013636488    0.0000148009
  -0.0000000065    0.0013659299    0.0000116452
  -0.0000195722    0.0014551673   -0.0001799322
  -0.0000033260    0.0014049910    0.0000022617
  -0.0000038013    0.0013994977    0.0000503900
   0.0000000972    0.0013756508    0.0000043954
   0.0000000469    0.0013625519    0.0000092786
   0.0000000012    0.0013620352    0.0000131220
  -0.0000037905    0.0013518812    0.0000088985
   0.0000000966    0.0013711191    0.0000003444
  -0.0000021047   -0.0013731519    0.0000013759
   0.0000000011   -0.0013732607   -0.0000000459
   0.0000000336   -0.0013730144   -0.0000004286
   0.0000000141   -0.0013733277   -0.0000000212
  -0.0000000199   -0.0013732643   -0.0000000671
  -0.0000000088   -0.0013732703   -0.0000000192
   0.0000000362   -0.0013733259   -0.0000000334
   0.0000000142   -0.0013733313   -0.0000000527
   0.0000000197   -0.0013734450   -0.0000000790
   0.0000000725   -0.0013734506   -0.0000001253
  -0.0000001235   -0.0013733951    0.0000001213
  -0.0000000021   -0.0013733142    0.0000000753
   0.0000000193   -0.0013733258   -0.0000000612
   0.0000000014   -0.0013733400   -0.0000000892
   0.0000000373   -0.0013733462    0.0000000018
  -0.0000000002   -0.0013732777    0.0000000073
   0.0006710498    0.0042262120    0.0063705327
  -0.0000001298   -0.0014152368   -0.0000046457
  -0.0000004579   -0.0013989309   -0.0000035381
   0.0000000083   -0.0014151376   -0.0000046410
   0.0000000278   -0.0014002244   -0.0000020967
   0.0000000077   -0.0014035684   -0.0000007092
  -0.0000004763   -0.0013837375   -0.0000167778
   0.0000000093   -0.0014051310   -0.0000133413
   0.0000111958   -0.0019627808   -0.0001117899
   0.0000002598   -0.0014159528    0.0000098702
   0.0000002438   -0.0013864131   -0.0000146007
   0.0000000028   -0.0014032722    0.0000019230
  -0.0000000239   -0.0014026753   -0.0000104562
   0.0000000007   -0.0014052480   -0.0000164918
  -0.0000027678   -0.0014138886   -0.0000284984
   0.0000000112   -0.0014180168   -0.0000059880
  -0.0000048901    0.0014092876    0.0000005126
  -0.0000000965    0.0014116631   -0.0000001130
   0.0000000788    0.0014113949    0.0000001095
  -0.0000000106    0.0014114159    0.0000000356
   0.0000000019    0.0014114506    0.0000000276
   0.0000000049    0.0014114548   -0.0000000284
  -0.0000000097    0.0014114272    0.0000000790
  -0.0000000003    0.0014114404    0.0000000667
  -0.0000000460    0.0014116489    0.0000000028
  -0.0000000911    0.0014114233   -0.0000000003
   0.0000000161    0.0014114619   -0.0000000008
   0.0000000148    0.0014114210   -0.0000000480
  -0.0000000001    0.0014114533    0.0000000671
   0.0000000029    0.0014114456    0.0000001120
   0.0000000214    0.0014114818   -0.0000001931
  -0.0000000212    0.0014115242   -0.0000000147
   0.0000000227    0.0013732877   -0.0000000060
   0.0000000006    0.0013732771   -0.0000000028
   0.0000000070    0.0013732768    0.0000000184
   0.0000000004    0.0013732761    0.0000000014
   0.0000000003    0.0013732854   -0.0000000121
   0.0000000001    0.0013732832   -0.0000000097
   0.0000000012    0.0013732733   -0.0000000032
   0.0000000002    0.0013732723    0.0000000050
   0.0000000122    0.0013732925   -0.0000000414
   0.0000000020    0.0013732906    0.0000000032
   0.0000000020    0.0013732892    0.0000000183
   0.0000000006    0.0013732750   -0.0000000032
   0.0000000002    0.0013732822    0.0000000097
   0.0000000001    0.0013732813    0.0000000118
   0.0000000020    0.0013732738    0.0000000083
   0.0000000006    0.0013732747   -0.0000000002
  -0.0000046233   -0.0013716902   -0.0000008660
  -0.0000000001   -0.0013733007   -0.0000000951
   0.0000000155   -0.0013730559   -0.0000004603
  -0.0000000185   -0.0013733501   -0.0000000189
   0.0000000204   -0.0013732663   -0.0000000635
   0.0000000086   -0.0013732689   -0.0000000163
  -0.0000000254   -0.0013733276   -0.0000000317
  -0.0000000156   -0.0013733292   -0.0000000506
   0.0000001563   -0.0013737602   -0.0000000794
  -0.0000000966   -0.0013735802   -0.0000001252
   0.0000001043   -0.0013733700    0.0000001043
   0.0000000018   -0.0013733192    0.0000000949
  -0.0000000157   -0.0013733245   -0.0000000611
  -0.0000000008   -0.0013733364   -0.0000000891
  -0.0000000570   -0.0013733204    0.0000000195
  -0.0000000002   -0.0013732825   -0.0000000117
   0.0000000261   -0.0014114489   -0.0000000557
   0.0000000003   -0.0014113996    0.0000000069
   0.0000000030   -0.0014114175    0.0000000243
   0.0000000000   -0.0014114014   -0.0000000056
   0.0000000000   -0.0014114089    0.0000000108
  -0.0000000001   -0.0014114080    0.0000000082
   0.0000000030   -0.0014113943    0.0000000066
   0.0000000000   -0.0014114017   -0.0000000035
   0.0000000146   -0.0014113729   -0.0000000103
   0.0000000008   -0.0014114030   -0.0000000002
   0.0000000008   -0.0014114069    0.0000000032
   0.0000000000   -0.0014114012    0.0000000001
   0.0000000001   -0.0014113993   -0.0000000021
  -0.0000000000   -0.0014113997   -0.0000000068
   0.0000000049   -0.0014113980    0.0000000127
   0.0000000004   -0.0014114022    0.0000000047
  -0.0000014398    0.0014120142    0.0000005187
   0.0000000931    0.0014118129   -0.0000001132
  -0.0000000644    0.0014113526    0.0000000492
   0.0000000108    0.0014114249    0.0000000425
  -0.0000000026    0.0014114471    0.0000000275
  -0.0000000059    0.0014114461   -0.0000000287
   0.0000000243    0.0014113838    0.0000001400
   0.0000000005    0.0014114491    0.0000000597
   0.0000000614    0.0014116037    0.0000001141
   0.0000001060    0.0014115489    0.0000000258
  -0.0000000135    0.0014114516   -0.0000000121
  -0.0000000175    0.0014114040   -0.0000000557
   0.0000000000    0.0014114526    0.0000000678
  -0.0000000035    0.0014114433    0.0000001094
  -0.0000000052    0.0014114767   -0.0000002076
   0.0000000198    0.0014115300    0.0000000082
   0.0000003479    0.0013604010   -0.0000185512
   0.0000270203    0.0013938083   -0.0000533221
  -0.0000010198    0.0013749301    0.0000003015
   0.0000004989    0.0013617324   -0.0000178345
  -0.0000001131    0.0013779260    0.0000116230
  -0.0000000082    0.0013744070    0.0000094499
   0.0000004385    0.0013624769    0.0000154966
  -0.0000001244    0.0013640798    0.0000200711
  -0.0000002127    0.0013771199   -0.0000044020
  -0.0002586642   -0.0013753327   -0.0008266541
  -0.0000001429    0.0013775005    0.0000072040
   0.0000001134    0.0013655199    0.0000303819
   0.0000000396    0.0013654616    0.0000148826
   0.0000000054    0.0013622535    0.0000091709
  -0.0000001429    0.0013665111   -0.0000025044
   0.0000001189    0.0013478491    0.0000150027
   0.0000000513   -0.0013731291   -0.0000000543
  -0.0000000389   -0.0013733838   -0.0000004015
   0.0000000123   -0.0013733036    0.0000000463
   0.0000000799   -0.0013734960    0.0000000980
  -0.0000000293   -0.0013732978    0.0000000181
  -0.0000000191   -0.0013732541   -0.0000000820
   0.0000000386   -0.0013733299   -0.0000000152
   0.0000000509   -0.0013733629   -0.0000000860
  -0.0000000092   -0.0013734190   -0.0000000529
  -0.0000008408   -0.0013724795    0.0000005994
  -0.0000000227   -0.0013733338    0.0000000683
  -0.0000000631   -0.0013732406   -0.0000001677
  -0.0000000076   -0.0013733332   -0.0000000668
   0.0000000161   -0.0013733371   -0.0000000793
   0.0000000121   -0.0013732767    0.0000000325
   0.0000000200   -0.0013733152    0.0000000702
  -0.0000026539   -0.0014525709   -0.0000109516
  -0.0000026629   -0.0014525676   -0.0000110305
   0.0000002286   -0.0014326958   -0.0000081806
   0.0000002276   -0.0014146580    0.0000075420
   0.0000000210   -0.0014002919   -0.0000016200
   0.0000000210   -0.0014002872   -0.0000016248
   0.0000002280   -0.0013918696   -0.0000122621
   0.0000002319   -0.0014099758   -0.0000279727
   0.0000002590   -0.0014285562   -0.0000011259
   0.0000116250   -0.0014188520    0.0003619350
   0.0000000029   -0.0014068736   -0.0000012202
   0.0000002429   -0.0013863793   -0.0000146152
   0.0000000006   -0.0014027174   -0.0000142978
  -0.0000000236   -0.0014029446   -0.0000106886
   0.0000000124   -0.0014144153   -0.0000028458
  -0.0000027934   -0.0014476351   -0.0000577822
  -0.0000000621    0.0014115992   -0.0000001505
  -0.0000003547    0.0014113558   -0.0000003577
  -0.0000000142    0.0014114568   -0.0000000118
  -0.0000000008    0.0014113797    0.0000000916
   0.0000000011    0.0014114446   -0.0000000515
   0.0000000024    0.0014114606    0.0000000291
   0.0000000087    0.0014114332   -0.0000000142
  -0.0000000034    0.0014114722    0.0000001721
  -0.0000000493    0.0014115586    0.0000000364
  -0.0000036687    0.0014131326   -0.0000008877
   0.0000000103    0.0014114097   -0.0000000448
   0.0000000092    0.0014114409    0.0000000918
   0.0000000006    0.0014114411    0.0000000765
  -0.0000000004    0.0014114315    0.0000000960
  -0.0000000156    0.0014114413   -0.0000000852
  -0.0000000788    0.0014114038    0.0000000919
   0.0000000028    0.0013732661   -0.0000000118
   0.0000000072    0.0013732927    0.0000000149
   0.0000000014    0.0013732666    0.0000000078
   0.0000000028    0.0013732587   -0.0000000089
   0.0000000002    0.0013732792   -0.0000000089
   0.0000000002    0.0013732782   -0.0000000110
   0.0000000005    0.0013732656    0.0000000054
   0.0000000006    0.0013732670    0.0000000015
   0.0000000008    0.0013732754   -0.0000000037
   0.0000000230    0.0013732523    0.0000000071
   0.0000000003    0.0013732765   -0.0000000010
   0.0000000028    0.0013732657   -0.0000000107
   0.0000000002    0.0013732789    0.0000000131
   0.0000000002    0.0013732808    0.0000000093
   0.0000000003    0.0013732737    0.0000000014
   0.0000000028    0.0013732707   -0.0000000044
  -0.0000000294   -0.0013731823   -0.0000000700
   0.0000000821   -0.0013733755   -0.0000005596
  -0.0000000102   -0.0013733348    0.0000000383
  -0.0000000658   -0.0013734785    0.0000000772
   0.0000000274   -0.0013732976    0.0000000199
   0.0000000200   -0.0013732548   -0.0000000778
  -0.0000000456   -0.0013733243   -0.0000000045
  -0.0000000427   -0.0013733508   -0.0000000812
   0.0000000142   -0.0013735123   -0.0000000529
  -0.0000059946   -0.0013754387    0.0000006070
   0.0000000236   -0.0013733403    0.0000000827
   0.0000000811   -0.0013732390   -0.0000001826
   0.0000000025   -0.0013733333   -0.0000000668
  -0.0000000120   -0.0013733337   -0.0000000792
  -0.0000000113   -0.0013732828    0.0000000188
  -0.0000000020   -0.0013733133    0.0000000858
   0.0000000048   -0.0014113827    0.0000000077
   0.0000000049   -0.0014113829    0.0000000083
   0.0000000008   -0.0014113937   -0.0000000080
   0.0000000008   -0.0014113911   -0.0000000056
  -0.0000000000   -0.0014114002    0.0000000097
  -0.0000000000   -0.0014114005    0.0000000094
   0.0000000008   -0.0014113925   -0.0000000013
   0.0000000008   -0.0014113957   -0.0000000040
   0.0000000008   -0.0014113979    0.0000000030
   0.0000000147   -0.0014114029   -0.0000000360
   0.0000000000   -0.0014114015    0.0000000000
   0.0000000008   -0.0014114009    0.0000000089
  -0.0000000000   -0.0014113995   -0.0000000058
   0.0000000001   -0.0014114014   -0.0000000033
   0.0000000004   -0.0014114048    0.0000000020
   0.0000000049   -0.0014113904    0.0000000193
   0.0000000461    0.0014116838   -0.0000001512
   0.0000004439    0.0014119870   -0.0000003574
   0.0000000149    0.0014114619    0.0000000036
  -0.0000000069    0.0014113770    0.0000000896
  -0.0000000004    0.0014114433   -0.0000000517
  -0.0000000034    0.0014114561    0.0000000290
  -0.0000000079    0.0014114378   -0.0000000295
  -0.0000000045    0.0014114692    0.0000001733
   0.0000000450    0.0014116023    0.0000000628
  -0.0000020639    0.0014118992    0.0000012995
  -0.0000000102    0.0014114061   -0.0000000560
  -0.0000000111    0.0014114397    0.0000000789
   0.0000000002    0.0014114403    0.0000000768
   0.0000000001    0.0014114321    0.0000000958
   0.0000000157    0.0014114594   -0.0000000800
   0.0000000994    0.0014114435    0.0000001787
  -0.0002667623   -0.0006927295   -0.0031613205
   0.0000004046    0.0013769485    0.0000053037
  -0.0000007992    0.0013513409    0.0000041045
  -0.0000000063    0.0013652192    0.0000111519
  -0.0000001968    0.0013641477    0.0000008096
  -0.0000000149    0.0013671083   -0.0000003008
   0.0000269284    0.0013368014   -0.0000357872
  -0.0000000241    0.0013785366    0.0000074577
   0.0000277298    0.0013670811    0.0001007885
  -0.0000014025    0.0013594716    0.0000010768
   0.0000003972    0.0013697846   -0.0000000155
   0.0000000205    0.0013649745   -0.0000013386
   0.0000003968    0.0013749728    0.0000044723
   0.0000000205    0.0013781485    0.0000100778
   0.0000276604    0.0013093334    0.0000507257
  -0.0000014104    0.0013710313    0.0000109299
  -0.0000070293   -0.0013743374   -0.0000016895
  -0.0000000019   -0.0013734299    0.0000001704
   0.0000000217   -0.0013732629   -0.0000000593
  -0.0000000234   -0.0013732995   -0.0000000408
   0.0000000243   -0.0013733064   -0.0000000073
   0.0000000064   -0.0013733204    0.0000000130
  -0.0000000415   -0.0013734312   -0.0000001484
   0.0000000184   -0.0013732953   -0.0000000641
  -0.0000000106   -0.0013738102    0.0000003278
  -0.0000000394   -0.0013732229    0.0000000516
   0.0000000185   -0.0013733112   -0.0000000081
   0.0000000184   -0.0013733547    0.0000000105
  -0.0000000017   -0.0013732727   -0.0000000466
   0.0000000061   -0.0013732478   -0.0000000751
   0.0000001305   -0.0013731345   -0.0000000497
   0.0000000209   -0.0013732864   -0.0000000013
   0.0000115385   -0.0011274517   -0.0004439435
  -0.0000000469   -0.0014086641   -0.0000010563
   0.0000000908   -0.0014076868   -0.0000139479
  -0.0000000140   -0.0014061337   -0.0000118126
   0.0000000872   -0.0014136194   -0.0000087886
  -0.0000000141   -0.0014138504   -0.0000051046
   0.0000124868   -0.0012730903   -0.0003196859
  -0.0000000476   -0.0014070455   -0.0000024585
  -0.0000027773   -0.0014348228   -0.0000687238
   0.0000000117   -0.0014089908   -0.0000075608
  -0.0000000241   -0.0014123397   -0.0000025331
   0.0000000004   -0.0014132681   -0.0000051439
   0.0000002447   -0.0014043855    0.0000010248
   0.0000000025   -0.0014043612   -0.0000034008
   0.0000113878   -0.0012655623    0.0002278806
   0.0000002616   -0.0014105387   -0.0000168188
   0.0000004054    0.0014113510    0.0000000361
   0.0000000249    0.0014113265   -0.0000000558
   0.0000000069    0.0014114294    0.0000000896
  -0.0000000011    0.0014114484    0.0000000341
  -0.0000000043    0.0014113768    0.0000000383
  -0.0000000004    0.0014114049   -0.0000000012
  -0.0000000477    0.0014112229   -0.0000003822
  -0.0000000096    0.0014114659    0.0000000433
   0.0000000001    0.0014114446   -0.0000002428
   0.0000000119    0.0014114549   -0.0000000542
   0.0000000009    0.0014114190    0.0000000224
  -0.0000000005    0.0014113810    0.0000000379
  -0.0000000003    0.0014114759    0.0000000020
   0.0000000041    0.0014114881    0.0000000043
   0.0000001187    0.0014115361    0.0000000175
  -0.0000000530    0.0014114423    0.0000000433
   0.0000000227    0.0013732598   -0.0000000316
   0.0000000006    0.0013732799   -0.0000000028
   0.0000000012    0.0013732842    0.0000000037
   0.0000000002    0.0013732758    0.0000000032
   0.0000000003    0.0013732759   -0.0000000043
   0.0000000001    0.0013732737   -0.0000000009
   0.0000000070    0.0013732797    0.0000000240
   0.0000000004    0.0013732748    0.0000000040
   0.0000000073    0.0013732982    0.0000000126
   0.0000000013    0.0013732847    0.0000000027
   0.0000000004    0.0013732778   -0.0000000008
   0.0000000002    0.0013732735   -0.0000000019
   0.0000000004    0.0013732765   -0.0000000012
   0.0000000002    0.0013732781    0.0000000032
   0.0000000073    0.0013732811    0.0000000004
   0.0000000013    0.0013732728   -0.0000000040
   0.0000003893   -0.0013728954    0.0000005373
   0.0000000029   -0.0013734700    0.0000002198
  -0.0000000111   -0.0013732646   -0.0000000608
   0.0000000221   -0.0013732975   -0.0000000427
  -0.0000000238   -0.0013733083   -0.0000000106
  -0.0000000067   -0.0013733191    0.0000000107
   0.0000000904   -0.0013734729   -0.0000001170
  -0.0000000228   -0.0013733170   -0.0000000661
   0.0000000407   -0.0013737985    0.0000001653
   0.0000000455   -0.0013732028    0.0000000679
  -0.0000000172   -0.0013733104   -0.0000000091
  -0.0000000195   -0.0013733574    0.0000000104
   0.0000000031   -0.0013732717   -0.0000000454
  -0.0000000070   -0.0013732499   -0.0000000745
  -0.0000001010   -0.0013731222    0.0000001140
  -0.0000000146   -0.0013732658   -0.0000000180
   0.0000000147   -0.0014114321    0.0000000227
   0.0000000001   -0.0014114024    0.0000000013
   0.0000000004   -0.0014114055    0.0000000007
  -0.0000000000   -0.0014114006   -0.0000000051
   0.0000000004   -0.0014114032    0.0000000001
  -0.0000000000   -0.0014114035   -0.0000000016
   0.0000000147   -0.0014114084    0.0000000042
   0.0000000001   -0.0014114009    0.0000000013
   0.0000000048   -0.0014113901    0.0000000168
   0.0000000004   -0.0014114006   -0.0000000039
   0.0000000001   -0.0014114103   -0.0000000105
  -0.0000000000   -0.0014114086   -0.0000000134
   0.0000000008   -0.0014113929    0.0000000045
   0.0000000001   -0.0014113990   -0.0000000006
   0.0000000147   -0.0014114221   -0.0000000184
   0.0000000008   -0.0014114027    0.0000000079
  -0.0000002799    0.0014111683   -0.0000002731
  -0.0000000248    0.0014113146   -0.0000000795
  -0.0000000076    0.0014114269    0.0000000818
   0.0000000006    0.0014114493    0.0000000341
   0.0000000036    0.0014113741    0.0000000458
  -0.0000000001    0.0014114053   -0.0000000017
   0.0000001725    0.0014110395   -0.0000000723
   0.0000000096    0.0014114535    0.0000000667
   0.0000000159    0.0014114403   -0.0000002289
  -0.0000000133    0.0014114617   -0.0000000772
  -0.0000000010    0.0014114184    0.0000000217
   0.0000000000    0.0014113787    0.0000000401
   0.0000000030    0.0014114654    0.0000000132
  -0.0000000068    0.0014114706    0.0000000114
  -0.0000001033    0.0014114902   -0.0000000944
   0.0000000680    0.0014115683    0.0000000171
   0.0000003485    0.0013961123    0.0000129803
   0.0000269698    0.0014487909   -0.0000056915
   0.0000004401    0.0013694452    0.0000216138
  -0.0000001233    0.0013498758    0.0000078757
  -0.0000001128    0.0013645274   -0.0000000602
  -0.0000000080    0.0013642873    0.0000006352
  -0.0000010134    0.0013745370   -0.0000001212
   0.0000005051    0.0014020137    0.0000169339
   0.0000001019    0.0013710448    0.0000106314
  -0.0000180491    0.0011315032   -0.0000699418
   0.0000000164    0.0013682888    0.0000017940
   0.0000001485    0.0013701621    0.0000002678
   0.0000000165    0.0013754925    0.0000080443
   0.0000001483    0.0013752946    0.0000047294
   0.0000001016    0.0013685899    0.0000083364
  -0.0000180915    0.0013801084    0.0001457256
  -0.0000000656   -0.0013734962    0.0000000992
   0.0000001034   -0.0013735752    0.0000004008
  -0.0000000444   -0.0013733486    0.0000000302
  -0.0000000215   -0.0013733358   -0.0000001119
   0.0000000254   -0.0013733141    0.0000000530
   0.0000000163   -0.0013733276    0.0000000007
   0.0000000083   -0.0013732925   -0.0000000179
   0.0000000489   -0.0013732885   -0.0000001091
  -0.0000000267   -0.0013732748    0.0000000721
   0.0000000352   -0.0013733404   -0.0000001604
   0.0000000076   -0.0013733305    0.0000000048
   0.0000000187   -0.0013733095   -0.0000000363
   0.0000000002   -0.0013732501   -0.0000000421
  -0.0000000045   -0.0013732463   -0.0000000427
   0.0000000295   -0.0013732765    0.0000000480
   0.0000002069   -0.0013735971   -0.0000003907
  -0.0000001635   -0.0014223400   -0.0000026649
  -0.0000001726   -0.0013942684    0.0000219192
  -0.0000000511   -0.0014064034   -0.0000186979
  -0.0000000508   -0.0014031328   -0.0000158690
  -0.0000000512   -0.0014135044   -0.0000068532
  -0.0000000519   -0.0014167759   -0.0000096918
  -0.0000001687   -0.0013920508    0.0000199859
  -0.0000001975   -0.0014203009   -0.0000045394
   0.0000000129   -0.0014126034   -0.0000106922
  -0.0000027613   -0.0014010892   -0.0000396041
   0.0000000004   -0.0014157869   -0.0000073435
  -0.0000000243   -0.0014120736   -0.0000022996
   0.0000000027   -0.0014007516   -0.0000002626
   0.0000002461   -0.0014043983    0.0000010097
   0.0000002593   -0.0013978974   -0.0000058236
   0.0000123962   -0.0018148078   -0.0002475583
   0.0000000232    0.0014114552    0.0000000294
   0.0000001331    0.0014114248    0.0000000406
  -0.0000000053    0.0014114285   -0.0000000187
   0.0000000004    0.0014114530    0.0000001206
  -0.0000000011    0.0014113864   -0.0000000505
  -0.0000000053    0.0014113695    0.0000000460
  -0.0000000099    0.0014114349   -0.0000000090
  -0.0000000346    0.0014116077    0.0000000858
  -0.0000000079    0.0014114285   -0.0000000939
   0.0000000498    0.0014114967    0.0000002566
   0.0000000011    0.0014113943    0.0000000203
  -0.0000000005    0.0014113873    0.0000000413
  -0.0000000058    0.0014114442   -0.0000000232
  -0.0000000095    0.0014114237    0.0000000663
  -0.0000000103    0.0014114286   -0.0000000487
  -0.0000004860    0.0014115961   -0.0000000386
   0.0000000028    0.0013732671   -0.0000000136
   0.0000000072    0.0013732747   -0.0000000001
   0.0000000005    0.0013732707    0.0000000065
   0.0000000006    0.0013732674   -0.0000000009
   0.0000000002    0.0013732682   -0.0000000020
   0.0000000002    0.0013732703   -0.0000000020
   0.0000000014    0.0013732671    0.0000000106
   0.0000000028    0.0013732665    0.0000000005
   0.0000000006    0.0013732783   -0.0000000013
   0.0000000118    0.0013732263   -0.0000000186
   0.0000000002    0.0013732735    0.0000000010
   0.0000000005    0.0013732743   -0.0000000043
   0.0000000002    0.0013732744    0.0000000032
   0.0000000005    0.0013732762   -0.0000000016
   0.0000000006    0.0013732728   -0.0000000013
   0.0000000118    0.0013732792    0.0000000286
   0.0000000878   -0.0013735501    0.0000001159
  -0.0000000602   -0.0013735667    0.0000005578
   0.0000000376   -0.0013733431    0.0000000198
   0.0000000295   -0.0013733241   -0.0000001163
  -0.0000000275   -0.0013733138    0.0000000518
  -0.0000000154   -0.0013733283   -0.0000000032
  -0.0000000063   -0.0013733232   -0.0000000098
  -0.0000000341   -0.0013732697   -0.0000000871
   0.0000000246   -0.0013732736    0.0000000626
   0.0000001655   -0.0013732186   -0.0000002752
  -0.0000000101   -0.0013733378    0.0000000093
  -0.0000000184   -0.0013733120   -0.0000000375
  -0.0000000026   -0.0013732570   -0.0000000462
   0.0000000050   -0.0013732488   -0.0000000412
  -0.0000000317   -0.0013732753    0.0000000578
  -0.0000000040   -0.0013734734   -0.0000002754
   0.0000000029   -0.0014113702   -0.0000000002
   0.0000000029   -0.0014113884   -0.0000000154
   0.0000000001   -0.0014113952   -0.0000000036
   0.0000000001   -0.0014113932   -0.0000000019
   0.0000000001   -0.0014113940    0.0000000007
   0.0000000001   -0.0014113965   -0.0000000015
   0.0000000029   -0.0014114052    0.0000000011
   0.0000000029   -0.0014113876    0.0000000168
   0.0000000004   -0.0014113971   -0.0000000015
   0.0000000049   -0.0014113982    0.0000000099
  -0.0000000000   -0.0014114097   -0.0000000136
   0.0000000001   -0.0014114098   -0.0000000095
   0.0000000000   -0.0014113987    0.0000000000
   0.0000000008   -0.0014114000   -0.0000000011
   0.0000000008   -0.0014114063    0.0000000036
   0.0000000147   -0.0014113922    0.0000000077
  -0.0000000237    0.0014114443    0.0000000067
  -0.0000001152    0.0014113619   -0.0000000745
   0.0000000065    0.0014114346   -0.0000000162
  -0.0000000029    0.0014114550    0.0000001166
   0.0000000023    0.0014113921   -0.0000000534
   0.0000000027    0.0014113714    0.0000000497
   0.0000000094    0.0014114240    0.0000000134
   0.0000000523    0.0014115420    0.0000002006
   0.0000000079    0.0014114472   -0.0000000997
  -0.0000000288    0.0014115362    0.0000001689
  -0.0000000004    0.0014113935    0.0000000199
   0.0000000002    0.0014113879    0.0000000413
   0.0000000059    0.0014114405   -0.0000000126
   0.0000000077    0.0014114225    0.0000000790
   0.0000000060    0.0014114722   -0.0000000753
  -0.0000053206    0.0014103439   -0.0000022430