512  
4    

1    
  0.0045801749589136   0.0058194991442319   0.0067197787951707
  -0.0006216763   -0.0034061126   -0.0055011582
   0.0000001397    0.0013825809    0.0000045850
   0.0000003719    0.0013518338    0.0000163859
  -0.0000000008    0.0013727530    0.0000131224
  -0.0000000209    0.0013680211    0.0000020608
  -0.0000000087    0.0013713272    0.0000006982
   0.0000003548    0.0013667644    0.0000033762
   0.0000000001    0.0013826342    0.0000045319
  -0.0000095247    0.0017647562    0.0002398426
  -0.0000002319    0.0013656154    0.0000057920
  -0.0000002241    0.0013720371   -0.0000010001
  -0.0000000045    0.0013685431    0.0000003019
   0.0000000251    0.0013796005    0.0000022500
   0.0000000017    0.0013832392    0.0000071702
   0.0000026626    0.0013694136    0.0000386708
  -0.0000000080    0.0013802038    0.0000103918
   0.0000047859   -0.0013800212   -0.0000011790
  -0.0000000197   -0.0013791329    0.0000001147
  -0.0000000407   -0.0013789635   -0.0000002190
  -0.0000000246   -0.0013789584   -0.0000000511
   0.0000000247   -0.0013789546   -0.0000000220
   0.0000000062   -0.0013789846   -0.0000000063
   0.0000000193   -0.0013788683   -0.0000000929
   0.0000000126   -0.0013789798   -0.0000000416
  -0.0000000885   -0.0013789153    0.0000006037
  -0.0000000461   -0.0013789146    0.0000000226
   0.0000000113   -0.0013789428   -0.0000000528
   0.0000000087   -0.0013789931   -0.0000000216
  -0.0000000004   -0.0013789145   -0.0000000472
   0.0000000040   -0.0013789256   -0.0000000501
   0.0000000528   -0.0013790223    0.0000000594
   0.0000000305   -0.0013790133    0.0000000208
   0.0002402717   -0.0010667670    0.0014415640
  -0.0000003880   -0.0014107028   -0.0000006179
   0.0000007783   -0.0014029353   -0.0000144452
   0.0000000045   -0.0014051476   -0.0000113986
   0.0000001900   -0.0014137653   -0.0000097282
   0.0000000144   -0.0014143283   -0.0000066281
  -0.0000258810   -0.0014654159   -0.0000422239
   0.0000000242   -0.0014104386   -0.0000011072
   0.0000165005   -0.0014182509   -0.0001404721
  -0.0000000914   -0.0014077347   -0.0000082067
  -0.0000001350   -0.0014143494   -0.0000046143
  -0.0000000153   -0.0014145267   -0.0000078274
  -0.0000001351   -0.0014093297   -0.0000002318
  -0.0000000151   -0.0014075210   -0.0000017280
   0.0000164623   -0.0011786363    0.0000680284
  -0.0000000916   -0.0014103017   -0.0000102565
   0.0000051396    0.0014134253    0.0000020728
   0.0000000087    0.0014123186    0.0000000122
  -0.0000000072    0.0014123879    0.0000000171
   0.0000000003    0.0014124076    0.0000000384
  -0.0000000034    0.0014123563    0.0000000357
  -0.0000000007    0.0014123799    0.0000000150
  -0.0000000204    0.0014121970    0.0000004749
  -0.0000000119    0.0014124289    0.0000000246
  -0.0000001243    0.0014124045    0.0000001865
   0.0000000190    0.0014123213   -0.0000000306
  -0.0000000009    0.0014123631    0.0000000307
  -0.0000000011    0.0014123498    0.0000000647
   0.0000000007    0.0014124044    0.0000000175
  -0.0000000007    0.0014124397   -0.0000000100
   0.0000000958    0.0014126376   -0.0000004401
  -0.0000000014    0.0014123945   -0.0000000161
  -0.0000000254    0.0013789777    0.0000000430
   0.0000000001    0.0013789376   -0.0000000067
  -0.0000000028    0.0013789318   -0.0000000080
  -0.0000000000    0.0013789398    0.0000000006
   0.0000000000    0.0013789395   -0.0000000002
   0.0000000000    0.0013789384    0.0000000022
  -0.0000000028    0.0013789536   -0.0000000241
  -0.0000000000    0.0013789374    0.0000000050
  -0.0000000130    0.0013789333   -0.0000000016
  -0.0000000007    0.0013789445   -0.0000000050
  -0.0000000007    0.0013789372    0.0000000021
  -0.0000000001    0.0013789355    0.0000000001
  -0.0000000001    0.0013789397    0.0000000008
   0.0000000000    0.0013789393    0.0000000036
  -0.0000000040    0.0013789359   -0.0000000081
  -0.0000000002    0.0013789333    0.0000000033
   0.0000048349   -0.0013800517   -0.0000011646
   0.0000000019   -0.0013791156    0.0000001145
   0.0000000313   -0.0013789540   -0.0000001779
   0.0000000208   -0.0013789520   -0.0000000256
  -0.0000000260   -0.0013789946   -0.0000000220
  -0.0000000049   -0.0013789934   -0.0000000064
  -0.0000000286   -0.0013788591   -0.0000001336
  -0.0000000164   -0.0013789734   -0.0000000670
   0.0000001775   -0.0013786074    0.0000005165
   0.0000000371   -0.0013789234    0.0000000872
  -0.0000000156   -0.0013790008   -0.0000000209
  -0.0000000077   -0.0013790031   -0.0000000242
  -0.0000000008   -0.0013789229   -0.0000000403
  -0.0000000065   -0.0013789275   -0.0000000557
  -0.0000001351   -0.0013789653   -0.0000001185
  -0.0000000423   -0.0013790456   -0.0000000009
  -0.0000000212   -0.0014123875    0.0000000054
  -0.0000000005   -0.0014123768    0.0000000031
  -0.0000000011   -0.0014123732    0.0000000035
  -0.0000000002   -0.0014123730   -0.0000000036
  -0.0000000003   -0.0014123782    0.0000000026
  -0.0000000001   -0.0014123757    0.0000000002
  -0.0000000065   -0.0014123763   -0.0000000177
  -0.0000000004   -0.0014123757   -0.0000000009
  -0.0000000111   -0.0014123777   -0.0000000285
  -0.0000000006   -0.0014123731    0.0000000018
  -0.0000000005   -0.0014123743    0.0000000012
  -0.0000000002   -0.0014123724   -0.0000000033
  -0.0000000005   -0.0014123732    0.0000000041
  -0.0000000002   -0.0014123726   -0.0000000010
  -0.0000000111   -0.0014123265    0.0000000182
  -0.0000000006   -0.0014123756    0.0000000003
   0.0000006981    0.0014117111   -0.0000009032
  -0.0000000097    0.0014123169    0.0000000103
  -0.0000000024    0.0014124214    0.0000000082
   0.0000000010    0.0014124027    0.0000000152
   0.0000000030    0.0014123591    0.0000000628
   0.0000000009    0.0014123784    0.0000000246
  -0.0000000282    0.0014121589    0.0000004211
   0.0000000157    0.0014124548    0.0000000269
   0.0000000924    0.0014124742    0.0000001058
  -0.0000000246    0.0014123042   -0.0000000674
  -0.0000000003    0.0014123739    0.0000000431
   0.0000000020    0.0014123680    0.0000000725
  -0.0000000019    0.0014124152    0.0000000050
   0.0000000016    0.0014124577   -0.0000000179
  -0.0000001275    0.0014127069   -0.0000003591
  -0.0000000042    0.0014123776    0.0000000207
   0.0000025779    0.0014187734    0.0000111654
   0.0000025685    0.0014187747    0.0000110863
  -0.0000002062    0.0013774898    0.0000273664
  -0.0000002025    0.0013598167    0.0000120325
  -0.0000000197    0.0013681179    0.0000015951
  -0.0000000197    0.0013681222    0.0000015903
  -0.0000002022    0.0013821918   -0.0000074115
  -0.0000002032    0.0013997967    0.0000079354
  -0.0000002340    0.0013780117    0.0000165724
  -0.0000085694    0.0012347687   -0.0002189475
  -0.0000000044    0.0013720620    0.0000033598
  -0.0000002228    0.0013720922   -0.0000009573
   0.0000000017    0.0013807787    0.0000050201
   0.0000000249    0.0013798682    0.0000024840
  -0.0000000068    0.0013766683    0.0000073260
   0.0000026772    0.0014017984    0.0000666263
  -0.0000002195   -0.0013789966    0.0000001701
   0.0000000825   -0.0013791697    0.0000000731
  -0.0000000540   -0.0013790299   -0.0000000267
  -0.0000000451   -0.0013789562   -0.0000000944
   0.0000000271   -0.0013789469    0.0000000190
   0.0000000166   -0.0013789946   -0.0000000126
  -0.0000000110   -0.0013790459   -0.0000000098
   0.0000000430   -0.0013789994   -0.0000000690
  -0.0000000473   -0.0013790124    0.0000000238
  -0.0000001823   -0.0013785316   -0.0000004183
   0.0000000073   -0.0013789922   -0.0000000226
   0.0000000142   -0.0013789724   -0.0000000725
   0.0000000026   -0.0013789328   -0.0000000314
  -0.0000000013   -0.0013789151   -0.0000000424
   0.0000000201   -0.0013789594    0.0000000840
   0.0000002033   -0.0013787741    0.0000003042
  -0.0000259441   -0.0014324769    0.0000515869
  -0.0000003024   -0.0013996712    0.0000178017
   0.0000001065   -0.0014033436   -0.0000195966
  -0.0000004195   -0.0014018270   -0.0000151314
   0.0000000078   -0.0014134941   -0.0000091923
   0.0000001086   -0.0014169222   -0.0000112756
  -0.0000004360   -0.0014013461    0.0000174355
   0.0000009808   -0.0014140489   -0.0000002638
   0.0000013584   -0.0014101123   -0.0000107208
  -0.0000265600   -0.0013501644   -0.0000496686
  -0.0000000175   -0.0014170914   -0.0000098226
  -0.0000003818   -0.0014140261   -0.0000043733
  -0.0000000174   -0.0014043246    0.0000013250
  -0.0000003820   -0.0014089771    0.0000000357
   0.0000013511   -0.0013990869   -0.0000009155
  -0.0000266275   -0.0014066875   -0.0000981299
  -0.0000000317    0.0014123396    0.0000001661
   0.0000000862    0.0014120394    0.0000000360
  -0.0000000010    0.0014123973    0.0000000239
   0.0000000000    0.0014124434    0.0000000990
   0.0000000002    0.0014123754   -0.0000000422
  -0.0000000033    0.0014123507    0.0000000526
  -0.0000000134    0.0014124217   -0.0000000185
   0.0000000190    0.0014125316   -0.0000000764
  -0.0000000050    0.0014123663   -0.0000000368
  -0.0000001118    0.0014124327    0.0000001980
  -0.0000000002    0.0014123611    0.0000000433
  -0.0000000025    0.0014123708    0.0000000524
  -0.0000000058    0.0014124163   -0.0000000128
  -0.0000000005    0.0014123750    0.0000000186
   0.0000000079    0.0014123791   -0.0000000690
   0.0000000656    0.0014125531    0.0000003128
  -0.0000000040    0.0013789267   -0.0000000071
  -0.0000000039    0.0013789264   -0.0000000066
  -0.0000000007    0.0013789392    0.0000000021
  -0.0000000007    0.0013789364   -0.0000000002
   0.0000000000    0.0013789372    0.0000000011
   0.0000000000    0.0013789369    0.0000000008
  -0.0000000007    0.0013789340    0.0000000053
  -0.0000000007    0.0013789362    0.0000000074
  -0.0000000007    0.0013789421   -0.0000000095
  -0.0000000130    0.0013789572    0.0000000180
  -0.0000000001    0.0013789370    0.0000000006
  -0.0000000007    0.0013789310   -0.0000000038
   0.0000000000    0.0013789398    0.0000000036
  -0.0000000001    0.0013789413    0.0000000017
  -0.0000000002    0.0013789378    0.0000000055
  -0.0000000040    0.0013789281   -0.0000000158
   0.0000001166   -0.0013787313    0.0000001699
  -0.0000001695   -0.0013793675    0.0000000728
   0.0000000461   -0.0013789847    0.0000000025
   0.0000000360   -0.0013789620   -0.0000000338
  -0.0000000270   -0.0013789896    0.0000000190
  -0.0000000165   -0.0013790206   -0.0000000125
   0.0000000032   -0.0013790010   -0.0000000392
  -0.0000000520   -0.0013790051   -0.0000001289
   0.0000000364   -0.0013789599    0.0000000356
   0.0000002678   -0.0013785941   -0.0000000553
  -0.0000000061   -0.0013790067   -0.0000000192
  -0.0000000194   -0.0013790243   -0.0000000504
  -0.0000000047   -0.0013789348   -0.0000000348
   0.0000000002   -0.0013789197   -0.0000000374
  -0.0000000313   -0.0013789641    0.0000000529
  -0.0000003049   -0.0013789202    0.0000000839
  -0.0000000067   -0.0014123952   -0.0000000151
  -0.0000000026   -0.0014123713    0.0000000121
  -0.0000000006   -0.0014123725   -0.0000000007
  -0.0000000005   -0.0014123712   -0.0000000042
  -0.0000000002   -0.0014123758    0.0000000016
  -0.0000000002   -0.0014123766   -0.0000000008
  -0.0000000026   -0.0014123633    0.0000000087
  -0.0000000013   -0.0014123708   -0.0000000071
  -0.0000000012   -0.0014123739    0.0000000041
  -0.0000000068   -0.0014123819   -0.0000000009
  -0.0000000002   -0.0014123778   -0.0000000031
  -0.0000000003   -0.0014123762    0.0000000009
  -0.0000000002   -0.0014123740    0.0000000018
  -0.0000000003   -0.0014123783    0.0000000007
  -0.0000000012   -0.0014123833   -0.0000000034
  -0.0000000068   -0.0014123966   -0.0000000127
   0.0000000111    0.0014123155    0.0000000947
  -0.0000001302    0.0014120455    0.0000001249
   0.0000000071    0.0014123985   -0.0000000265
  -0.0000000071    0.0014124591    0.0000000546
   0.0000000015    0.0014123740   -0.0000000090
   0.0000000025    0.0014123483    0.0000000744
   0.0000000113    0.0014124350   -0.0000000213
  -0.0000000324    0.0014126113   -0.0000000969
   0.0000000069    0.0014123700   -0.0000000711
  -0.0000000862    0.0014124514    0.0000001106
   0.0000000023    0.0014123684    0.0000000480
   0.0000000021    0.0014123805    0.0000000667
   0.0000000079    0.0014124236   -0.0000000175
   0.0000000001    0.0014123847    0.0000000042
  -0.0000000060    0.0014123830   -0.0000000346
  -0.0000002639    0.0014125717    0.0000003985
  -0.0000096605    0.0012463255    0.0003051366
   0.0000000439    0.0013746651    0.0000024833
  -0.0000000875    0.0013810902    0.0000086150
   0.0000000167    0.0013813118    0.0000050325
  -0.0000000911    0.0013753103    0.0000136402
   0.0000000166    0.0013738527    0.0000115156
  -0.0000087693    0.0011019759    0.0004283435
   0.0000000433    0.0013763768    0.0000010012
   0.0000026938    0.0014141146    0.0000561114
  -0.0000000074    0.0013818187    0.0000028484
   0.0000000244    0.0013706783    0.0000104740
   0.0000000015    0.0013704587    0.0000139861
  -0.0000002211    0.0013546194    0.0000142180
  -0.0000000047    0.0013746012    0.0000011557
  -0.0000087932    0.0013870946   -0.0003521149
  -0.0000002317    0.0013957111    0.0000011555
   0.0000000781   -0.0013786377    0.0000003650
   0.0000000070   -0.0013789723   -0.0000000482
  -0.0000000197   -0.0013789093   -0.0000000746
  -0.0000000048   -0.0013789257   -0.0000000149
   0.0000000288   -0.0013789340   -0.0000000608
   0.0000000149   -0.0013789847   -0.0000000508
   0.0000003456   -0.0013791312    0.0000001267
   0.0000000029   -0.0013789230   -0.0000000060
  -0.0000002074   -0.0013791500   -0.0000002311
  -0.0000000010   -0.0013789557    0.0000000471
   0.0000000097   -0.0013789565   -0.0000000781
  -0.0000000044   -0.0013789764   -0.0000001010
   0.0000000579   -0.0013789230   -0.0000000010
   0.0000000049   -0.0013789639    0.0000000040
  -0.0000002153   -0.0013795485   -0.0000000277
   0.0000000483   -0.0013791282   -0.0000000984
  -0.0000258754   -0.0013770835    0.0000346172
   0.0000000225   -0.0014174523   -0.0000072864
   0.0000001888   -0.0014034618   -0.0000007845
   0.0000000144   -0.0014063289    0.0000002666
   0.0000007742   -0.0013910254   -0.0000040725
   0.0000000043   -0.0014045968   -0.0000107974
   0.0002469471    0.0003329839    0.0026260577
  -0.0000003881   -0.0014160026   -0.0000051051
  -0.0000000903   -0.0013876388   -0.0000145502
   0.0000001378   -0.0014056996    0.0000023653
  -0.0000000068   -0.0014016183   -0.0000089446
  -0.0000000379   -0.0014047458   -0.0000144643
  -0.0000000855   -0.0014049014   -0.0000295750
   0.0000001377   -0.0014165660   -0.0000069530
   0.0002408582    0.0007332104    0.0007908640
   0.0000001911   -0.0014161094    0.0000042637
  -0.0000000764    0.0014125290    0.0000000659
  -0.0000000090    0.0014123796    0.0000000500
   0.0000000009    0.0014124038    0.0000000235
   0.0000000024    0.0014124011   -0.0000000202
  -0.0000000040    0.0014123612    0.0000000635
   0.0000000031    0.0014124179    0.0000000429
   0.0000022795    0.0014125576   -0.0000018171
  -0.0000000539    0.0014125877   -0.0000001197
   0.0000000101    0.0014124157    0.0000000052
   0.0000000097    0.0014123548   -0.0000000253
  -0.0000000008    0.0014124014    0.0000000630
   0.0000000018    0.0014124290    0.0000000865
   0.0000000341    0.0014125293   -0.0000001181
  -0.0000000146    0.0014124458   -0.0000000533
  -0.0000002798    0.0014127132    0.0000000805
  -0.0000000606    0.0014125279    0.0000001164
  -0.0000000131    0.0013789485   -0.0000000005
  -0.0000000002    0.0013789382   -0.0000000026
  -0.0000000003    0.0013789398    0.0000000004
   0.0000000001    0.0013789404    0.0000000008
  -0.0000000003    0.0013789421    0.0000000002
   0.0000000001    0.0013789371    0.0000000051
  -0.0000000131    0.0013789639   -0.0000000115
  -0.0000000002    0.0013789378   -0.0000000006
  -0.0000000040    0.0013789273   -0.0000000189
  -0.0000000002    0.0013789417   -0.0000000018
  -0.0000000001    0.0013789380    0.0000000033
   0.0000000000    0.0013789364    0.0000000047
  -0.0000000007    0.0013789369   -0.0000000069
  -0.0000000001    0.0013789370    0.0000000014
  -0.0000000130    0.0013789442    0.0000000294
  -0.0000000007    0.0013789342   -0.0000000029
   0.0000000210   -0.0013788948    0.0000005486
  -0.0000000077   -0.0013789805   -0.0000000510
   0.0000000114   -0.0013789230   -0.0000000414
   0.0000000011   -0.0013789366   -0.0000000013
  -0.0000000371   -0.0013789478   -0.0000000939
  -0.0000000186   -0.0013789956   -0.0000000643
  -0.0000002532   -0.0013793865   -0.0000000619
  -0.0000000036   -0.0013789315   -0.0000000032
   0.0000001247   -0.0013790930   -0.0000000536
  -0.0000000108   -0.0013789881    0.0000000687
  -0.0000000108   -0.0013789647   -0.0000000849
   0.0000000019   -0.0013789781   -0.0000000952
  -0.0000000622   -0.0013789809   -0.0000000328
  -0.0000000039   -0.0013789739    0.0000000066
   0.0000002999   -0.0013792385    0.0000000565
  -0.0000000572   -0.0013791369   -0.0000001628
  -0.0000000066   -0.0014123796   -0.0000000226
  -0.0000000004   -0.0014123744   -0.0000000034
  -0.0000000003   -0.0014123756    0.0000000043
  -0.0000000001   -0.0014123738    0.0000000015
  -0.0000000011   -0.0014123833   -0.0000000029
  -0.0000000002   -0.0014123744   -0.0000000029
  -0.0000000212   -0.0014123600    0.0000000301
  -0.0000000005   -0.0014123789    0.0000000023
  -0.0000000026   -0.0014123690    0.0000000036
  -0.0000000003   -0.0014123731   -0.0000000014
  -0.0000000002   -0.0014123733    0.0000000005
  -0.0000000002   -0.0014123715   -0.0000000028
  -0.0000000026   -0.0014123649    0.0000000103
  -0.0000000003   -0.0014123742   -0.0000000001
  -0.0000000214   -0.0014123521   -0.0000000076
  -0.0000000008   -0.0014123743    0.0000000035
   0.0000000275    0.0014124904    0.0000001200
   0.0000000129    0.0014124056    0.0000000476
  -0.0000000014    0.0014124064   -0.0000000036
  -0.0000000022    0.0014123996   -0.0000000297
  -0.0000000055    0.0014123946    0.0000000723
  -0.0000000018    0.0014124131    0.0000000660
   0.0000034942    0.0014108600    0.0000011422
   0.0000000529    0.0014125859   -0.0000001176
   0.0000000067    0.0014123692   -0.0000000920
  -0.0000000094    0.0014123532   -0.0000000266
  -0.0000000023    0.0014124261    0.0000000629
  -0.0000000022    0.0014124315    0.0000000864
  -0.0000000174    0.0014124828   -0.0000000208
   0.0000000149    0.0014124440   -0.0000000518
   0.0000001035    0.0014126373    0.0000000803
   0.0000000813    0.0014126443    0.0000001162
   0.0000000764    0.0013875422    0.0000044406
   0.0000000492    0.0013600006   -0.0000194692
   0.0000000540    0.0013841498    0.0000094723
   0.0000000533    0.0013809886    0.0000067297
   0.0000000529    0.0013709439    0.0000154602
   0.0000000532    0.0013741032    0.0000181937
   0.0000000528    0.0013622959   -0.0000214680
   0.0000000445    0.0013896631    0.0000024992
  -0.0000000062    0.0013853468    0.0000059253
   0.0000026691    0.0013817184    0.0000279986
   0.0000000014    0.0013729338    0.0000161305
   0.0000000247    0.0013704098    0.0000102413
  -0.0000000047    0.0013710931   -0.0000019071
  -0.0000002220    0.0013545870    0.0000141463
  -0.0000002324    0.0013833558   -0.0000096256
  -0.0000083959    0.0019119546    0.0001050345
  -0.0000000349   -0.0013790853   -0.0000001261
   0.0000000193   -0.0013789849    0.0000000008
  -0.0000000231   -0.0013789301   -0.0000000068
  -0.0000000136   -0.0013789222   -0.0000000540
   0.0000000353   -0.0013789766   -0.0000000060
   0.0000000397   -0.0013789983   -0.0000000821
   0.0000000120   -0.0013789097    0.0000000594
   0.0000000185   -0.0013790402   -0.0000000448
  -0.0000000253   -0.0013790031    0.0000000131
  -0.0000001197   -0.0013788388    0.0000000242
  -0.0000000023   -0.0013789838   -0.0000000802
   0.0000000059   -0.0013789758   -0.0000000912
   0.0000000123   -0.0013789527    0.0000000175
   0.0000000465   -0.0013789447   -0.0000000239
  -0.0000000299   -0.0013790860   -0.0000000283
   0.0000003457   -0.0013786785   -0.0000001840
  -0.0000004419   -0.0014401917   -0.0000165699
   0.0000009746   -0.0014135214    0.0000000970
   0.0000000078   -0.0014036104   -0.0000006218
   0.0000001084   -0.0014038352    0.0000000363
   0.0000001055   -0.0013896860   -0.0000076092
  -0.0000004212   -0.0014086694   -0.0000209552
  -0.0000258962   -0.0014861141    0.0000054510
  -0.0000003032   -0.0014347698   -0.0000124957
  -0.0000000895   -0.0014101821   -0.0000003937
   0.0000036366   -0.0013915217   -0.0000087170
  -0.0000000022   -0.0014014273   -0.0000127652
  -0.0000000445   -0.0014019226   -0.0000090631
  -0.0000000902   -0.0014147492   -0.0000042328
   0.0000036464   -0.0014379281   -0.0000488481
   0.0000031913   -0.0014431641   -0.0000022473
   0.0000179148   -0.0014909838    0.0001740981
  -0.0000000242    0.0014123585   -0.0000000127
  -0.0000000106    0.0014123362    0.0000000731
   0.0000000018    0.0014123986   -0.0000000286
   0.0000000017    0.0014124218    0.0000000117
   0.0000000131    0.0014124361   -0.0000000375
   0.0000000062    0.0014124122    0.0000000766
  -0.0000000517    0.0014125129   -0.0000001979
  -0.0000001078    0.0014130654   -0.0000000249
   0.0000000050    0.0014123827   -0.0000000146
  -0.0000000181    0.0014125355    0.0000000387
   0.0000000021    0.0014124250    0.0000000672
   0.0000000001    0.0014124125    0.0000000796
  -0.0000000128    0.0014124347   -0.0000000776
   0.0000000043    0.0014122592    0.0000000456
  -0.0000000546    0.0014125507    0.0000000488
   0.0000013206    0.0014111993   -0.0000005514
  -0.0000000028    0.0013789301   -0.0000000181
  -0.0000000028    0.0013789482   -0.0000000020
  -0.0000000000    0.0013789392    0.0000000013
  -0.0000000000    0.0013789366   -0.0000000009
  -0.0000000000    0.0013789360    0.0000000018
  -0.0000000000    0.0013789381    0.0000000036
  -0.0000000028    0.0013789304    0.0000000158
  -0.0000000028    0.0013789116    0.0000000001
  -0.0000000002    0.0013789407   -0.0000000042
  -0.0000000040    0.0013789371   -0.0000000114
   0.0000000000    0.0013789377    0.0000000055
  -0.0000000001    0.0013789374    0.0000000023
  -0.0000000001    0.0013789381    0.0000000015
  -0.0000000007    0.0013789445   -0.0000000010
  -0.0000000007    0.0013789408    0.0000000005
  -0.0000000130    0.0013789229    0.0000000100
   0.0000000274   -0.0013790730   -0.0000000941
  -0.0000000270   -0.0013790208    0.0000000002
   0.0000000160   -0.0013789453    0.0000000332
   0.0000000060   -0.0013789490   -0.0000000172
  -0.0000000424   -0.0013789917   -0.0000000460
  -0.0000000472   -0.0013790248   -0.0000001185
  -0.0000000195   -0.0013788978    0.0000000273
  -0.0000000261   -0.0013790761   -0.0000000440
   0.0000000140   -0.0013790077    0.0000000441
   0.0000000172   -0.0013789857    0.0000002457
   0.0000000002   -0.0013789857   -0.0000000768
  -0.0000000070   -0.0013789803   -0.0000000961
  -0.0000000111   -0.0013789672    0.0000000141
  -0.0000000516   -0.0013789965   -0.0000000459
   0.0000000191   -0.0013790336   -0.0000000401
  -0.0000002626   -0.0013787425   -0.0000005460
  -0.0000000026   -0.0014123711    0.0000000005
  -0.0000000013   -0.0014123718   -0.0000000097
  -0.0000000002   -0.0014123750    0.0000000023
  -0.0000000002   -0.0014123733    0.0000000024
  -0.0000000006   -0.0014123712    0.0000000010
  -0.0000000005   -0.0014123740   -0.0000000062
  -0.0000000067   -0.0014123800    0.0000000004
  -0.0000000026   -0.0014123704    0.0000000123
  -0.0000000005   -0.0014123753   -0.0000000002
  -0.0000000018   -0.0014123747   -0.0000000081
  -0.0000000001   -0.0014123755   -0.0000000016
  -0.0000000001   -0.0014123764    0.0000000001
  -0.0000000005   -0.0014123745    0.0000000024
  -0.0000000018   -0.0014123879   -0.0000000185
  -0.0000000019   -0.0014123901   -0.0000000032
  -0.0000000114   -0.0014123921    0.0000000401
   0.0000000221    0.0014123717   -0.0000000099
  -0.0000000030    0.0014124163    0.0000000933
  -0.0000000001    0.0014123972   -0.0000000619
  -0.0000000026    0.0014124192   -0.0000000102
  -0.0000000069    0.0014124373    0.0000000128
  -0.0000000132    0.0014124280    0.0000001205
   0.0000000312    0.0014124887   -0.0000001263
   0.0000000640    0.0014130708   -0.0000001135
  -0.0000000058    0.0014123745   -0.0000000359
   0.0000000015    0.0014124919   -0.0000000113
   0.0000000024    0.0014124186    0.0000000671
  -0.0000000037    0.0014124327    0.0000000795
   0.0000000119    0.0014124264   -0.0000000562
  -0.0000000207    0.0014122160    0.0000000956
   0.0000000501    0.0014125340    0.0000000488
   0.0000045125    0.0014146964   -0.0000005462

1    
 -0.0045801749589136  -0.0058194991442319  -0.0067197787951707
   0.0006216655    0.0061772176    0.0055932005
  -0.0000001401    0.0013753414   -0.0000046157
  -0.0000003439    0.0014061586   -0.0000163648
  -0.0000000001    0.0013851740   -0.0000132076
   0.0000000212    0.0013898491   -0.0000020980
   0.0000000086    0.0013865539   -0.0000007140
  -0.0000003612    0.0013912291   -0.0000035132
   0.0000000008    0.0013751909   -0.0000045965
   0.0000082528    0.0009975369   -0.0002377658
   0.0000002348    0.0013924309   -0.0000057881
   0.0000002193    0.0013857260    0.0000009177
   0.0000000041    0.0013893412   -0.0000003169
  -0.0000000243    0.0013782335   -0.0000023085
  -0.0000000015    0.0013745617   -0.0000072572
  -0.0000026785    0.0013885168   -0.0000389581
   0.0000000077    0.0013776637   -0.0000104709
  -0.0000048907   -0.0013778722    0.0000011620
   0.0000000199   -0.0013787463   -0.0000001179
   0.0000000403   -0.0013789153    0.0000002167
   0.0000000245   -0.0013789203    0.0000000497
  -0.0000000249   -0.0013789245    0.0000000235
  -0.0000000063   -0.0013788940    0.0000000078
  -0.0000000194   -0.0013790108    0.0000000955
  -0.0000000128   -0.0013788988    0.0000000447
   0.0000000972   -0.0013789593   -0.0000006004
   0.0000000465   -0.0013789658   -0.0000000243
  -0.0000000112   -0.0013789357    0.0000000511
  -0.0000000090   -0.0013788852    0.0000000199
   0.0000000004   -0.0013789647    0.0000000500
  -0.0000000041   -0.0013789532    0.0000000536
  -0.0000000530   -0.0013788584   -0.0000000600
  -0.0000000307   -0.0013788661   -0.0000000199
  -0.0002436519   -0.0017656327   -0.0014373342
   0.0000003901   -0.0014140754    0.0000006467
  -0.0000007646   -0.0014217535    0.0000145432
  -0.0000000038   -0.0014195950    0.0000115056
  -0.0000001892   -0.0014109361    0.0000097987
  -0.0000000144   -0.0014103815    0.0000066775
   0.0000258043   -0.0013586397    0.0000428711
  -0.0000000234   -0.0014143222    0.0000011438
  -0.0000164405   -0.0014052469    0.0001410991
   0.0000000914   -0.0014169959    0.0000082906
   0.0000001350   -0.0014103652    0.0000046348
   0.0000000146   -0.0014101839    0.0000078744
   0.0000001349   -0.0014154085    0.0000002821
   0.0000000148   -0.0014172452    0.0000017701
  -0.0000164783   -0.0016475581   -0.0000683492
   0.0000000912   -0.0014144449    0.0000103555
  -0.0000050548    0.0014113412   -0.0000020460
  -0.0000000090    0.0014124341   -0.0000000137
   0.0000000071    0.0014123630   -0.0000000192
  -0.0000000003    0.0014123429   -0.0000000411
   0.0000000035    0.0014123947   -0.0000000332
   0.0000000008    0.0014123710   -0.0000000122
   0.0000000212    0.0014125539   -0.0000004725
   0.0000000119    0.0014123225   -0.0000000233
   0.0000001242    0.0014123457   -0.0000001890
  -0.0000000191    0.0014124289    0.0000000276
   0.0000000009    0.0014123877   -0.0000000317
   0.0000000012    0.0014124012   -0.0000000657
  -0.0000000007    0.0014123467   -0.0000000150
   0.0000000008    0.0014123103    0.0000000125
  -0.0000000964    0.0014121142    0.0000004430
   0.0000000016    0.0014123568    0.0000000174
   0.0000000254    0.0013789003   -0.0000000443
  -0.0000000001    0.0013789405    0.0000000051
   0.0000000028    0.0013789453    0.0000000054
   0.0000000000    0.0013789377   -0.0000000032
  -0.0000000000    0.0013789375    0.0000000017
  -0.0000000000    0.0013789388   -0.0000000006
   0.0000000028    0.0013789243    0.0000000264
   0.0000000000    0.0013789406   -0.0000000025
   0.0000000130    0.0013789435   -0.0000000006
   0.0000000007    0.0013789323    0.0000000026
   0.0000000007    0.0013789389   -0.0000000038
   0.0000000001    0.0013789405   -0.0000000018
   0.0000000001    0.0013789365    0.0000000016
  -0.0000000001    0.0013789368   -0.0000000011
   0.0000000040    0.0013789411    0.0000000097
   0.0000000002    0.0013789435   -0.0000000015
  -0.0000047292   -0.0013778142    0.0000011764
  -0.0000000022   -0.0013787633   -0.0000001180
  -0.0000000311   -0.0013789245    0.0000001761
  -0.0000000208   -0.0013789267    0.0000000244
   0.0000000262   -0.0013788844    0.0000000235
   0.0000000050   -0.0013788851    0.0000000078
   0.0000000288   -0.0013790202    0.0000001365
   0.0000000165   -0.0013789052    0.0000000701
  -0.0000001772   -0.0013792710   -0.0000005195
  -0.0000000376   -0.0013789571   -0.0000000890
   0.0000000155   -0.0013788778    0.0000000191
   0.0000000080   -0.0013788750    0.0000000226
   0.0000000007   -0.0013789564    0.0000000431
   0.0000000066   -0.0013789515    0.0000000593
   0.0000001355   -0.0013789156    0.0000001175
   0.0000000426   -0.0013788334    0.0000000017
   0.0000000212   -0.0014123645   -0.0000000077
   0.0000000005   -0.0014123747   -0.0000000055
   0.0000000011   -0.0014123780   -0.0000000052
   0.0000000002   -0.0014123779    0.0000000019
   0.0000000002   -0.0014123731   -0.0000000002
   0.0000000001   -0.0014123753    0.0000000023
   0.0000000066   -0.0014123758    0.0000000192
   0.0000000003   -0.0014123760    0.0000000027
   0.0000000111   -0.0014123721    0.0000000257
   0.0000000006   -0.0014123764   -0.0000000046
   0.0000000005   -0.0014123747   -0.0000000019
   0.0000000002   -0.0014123765    0.0000000026
   0.0000000005   -0.0014123763   -0.0000000012
   0.0000000002   -0.0014123768    0.0000000039
   0.0000000111   -0.0014124234   -0.0000000177
   0.0000000006   -0.0014123743    0.0000000004
  -0.0000006880    0.0014130401    0.0000008990
   0.0000000100    0.0014124357   -0.0000000118
   0.0000000023    0.0014123294   -0.0000000105
  -0.0000000010    0.0014123476   -0.0000000179
  -0.0000000030    0.0014123920   -0.0000000603
  -0.0000000010    0.0014123725   -0.0000000218
   0.0000000277    0.0014125924   -0.0000004188
  -0.0000000158    0.0014122963   -0.0000000257
  -0.0000000928    0.0014122764   -0.0000001083
   0.0000000246    0.0014124457    0.0000000645
   0.0000000002    0.0014123769   -0.0000000441
  -0.0000000020    0.0014123831   -0.0000000737
   0.0000000018    0.0014123358   -0.0000000025
  -0.0000000016    0.0014122919    0.0000000204
   0.0000001281    0.0014120446    0.0000003625
   0.0000000040    0.0014123738   -0.0000000195
  -0.0000025867    0.0013392321   -0.0000111549
  -0.0000025962    0.0013392345   -0.0000112355
   0.0000002007    0.0013804051   -0.0000275037
   0.0000002044    0.0013982371   -0.0000120881
   0.0000000196    0.0013897544   -0.0000016234
   0.0000000196    0.0013897583   -0.0000016292
   0.0000002047    0.0013756905    0.0000073714
   0.0000002037    0.0013577889   -0.0000080302
   0.0000002327    0.0013799030   -0.0000165940
   0.0000091993    0.0015254243    0.0002195870
   0.0000000043    0.0013858038   -0.0000033697
   0.0000002207    0.0013857022    0.0000008920
  -0.0000000014    0.0013770610   -0.0000051121
  -0.0000000245    0.0013779635   -0.0000025416
   0.0000000090    0.0013812207   -0.0000073953
  -0.0000026632    0.0013556637   -0.0000675027
   0.0000002194   -0.0013788817   -0.0000001722
  -0.0000000820   -0.0013787079   -0.0000000779
   0.0000000540   -0.0013788465    0.0000000252
   0.0000000451   -0.0013789200    0.0000000930
  -0.0000000272   -0.0013789293   -0.0000000179
  -0.0000000168   -0.0013788816    0.0000000144
   0.0000000110   -0.0013788301    0.0000000123
  -0.0000000438   -0.0013788768    0.0000000731
   0.0000000473   -0.0013788667   -0.0000000257
   0.0000001845   -0.0013793465    0.0000004153
  -0.0000000074   -0.0013788852    0.0000000210
  -0.0000000142   -0.0013789057    0.0000000711
  -0.0000000027   -0.0013789449    0.0000000347
   0.0000000013   -0.0013789631    0.0000000454
  -0.0000000202   -0.0013789188   -0.0000000834
  -0.0000002056   -0.0013791024   -0.0000002994
   0.0000259428   -0.0013921373   -0.0000513979
   0.0000003091   -0.0014252826   -0.0000177545
  -0.0000001048   -0.0014213197    0.0000197643
   0.0000004223   -0.0014229321    0.0000152772
  -0.0000000078   -0.0014112117    0.0000092493
  -0.0000001083   -0.0014077467    0.0000113751
   0.0000004390   -0.0014234460   -0.0000174292
  -0.0000009833   -0.0014106885    0.0000002336
  -0.0000013538   -0.0014145649    0.0000107865
   0.0000266571   -0.0014745472    0.0000502103
   0.0000000172   -0.0014075833    0.0000098674
   0.0000003799   -0.0014106981    0.0000043961
   0.0000000173   -0.0014204642   -0.0000012769
   0.0000003796   -0.0014157299    0.0000000340
  -0.0000013612   -0.0014257723    0.0000009490
   0.0000265864   -0.0014179600    0.0000992040
   0.0000000313    0.0014124110   -0.0000001678
  -0.0000000873    0.0014127114   -0.0000000371
   0.0000000010    0.0014123516   -0.0000000262
   0.0000000000    0.0014123055   -0.0000001017
  -0.0000000002    0.0014123739    0.0000000453
   0.0000000034    0.0014123984   -0.0000000505
   0.0000000134    0.0014123285    0.0000000199
  -0.0000000191    0.0014122172    0.0000000767
   0.0000000050    0.0014123865    0.0000000341
   0.0000001125    0.0014123198   -0.0000002004
   0.0000000001    0.0014123918   -0.0000000442
   0.0000000026    0.0014123818   -0.0000000532
   0.0000000058    0.0014123362    0.0000000154
   0.0000000006    0.0014123775   -0.0000000161
  -0.0000000080    0.0014123744    0.0000000707
  -0.0000000656    0.0014122006   -0.0000003118
   0.0000000039    0.0013789538    0.0000000056
   0.0000000039    0.0013789537    0.0000000050
   0.0000000007    0.0013789406   -0.0000000046
   0.0000000007    0.0013789432   -0.0000000023
  -0.0000000000    0.0013789424    0.0000000005
  -0.0000000000    0.0013789424    0.0000000008
   0.0000000007    0.0013789463   -0.0000000028
   0.0000000007    0.0013789438   -0.0000000049
   0.0000000007    0.0013789375    0.0000000070
   0.0000000130    0.0013789220   -0.0000000204
   0.0000000001    0.0013789419   -0.0000000023
   0.0000000007    0.0013789474    0.0000000020
  -0.0000000001    0.0013789391   -0.0000000012
   0.0000000001    0.0013789373    0.0000000007
   0.0000000002    0.0013789419   -0.0000000037
   0.0000000040    0.0013789512    0.0000000175
  -0.0000001173   -0.0013791459   -0.0000001724
   0.0000001693   -0.0013785097   -0.0000000782
  -0.0000000462   -0.0013788913   -0.0000000042
  -0.0000000361   -0.0013789142    0.0000000330
   0.0000000271   -0.0013788867   -0.0000000179
   0.0000000168   -0.0013788552    0.0000000144
  -0.0000000032   -0.0013788751    0.0000000415
   0.0000000529   -0.0013788710    0.0000001337
  -0.0000000366   -0.0013789188   -0.0000000377
  -0.0000002732   -0.0013792869    0.0000000539
   0.0000000062   -0.0013788706    0.0000000176
   0.0000000194   -0.0013788535    0.0000000489
   0.0000000048   -0.0013789430    0.0000000379
  -0.0000000003   -0.0013789585    0.0000000404
   0.0000000314   -0.0013789140   -0.0000000524
   0.0000003085   -0.0013789550   -0.0000000772
   0.0000000067   -0.0014123560    0.0000000126
   0.0000000026   -0.0014123801   -0.0000000145
   0.0000000006   -0.0014123781   -0.0000000010
   0.0000000004   -0.0014123794    0.0000000025
   0.0000000002   -0.0014123748    0.0000000008
   0.0000000002   -0.0014123742    0.0000000032
   0.0000000026   -0.0014123881   -0.0000000069
   0.0000000013   -0.0014123807    0.0000000088
   0.0000000012   -0.0014123788   -0.0000000070
   0.0000000068   -0.0014123712   -0.0000000019
   0.0000000002   -0.0014123743    0.0000000024
   0.0000000003   -0.0014123762   -0.0000000016
   0.0000000002   -0.0014123785    0.0000000011
   0.0000000003   -0.0014123745    0.0000000022
   0.0000000012   -0.0014123697    0.0000000041
   0.0000000068   -0.0014123568    0.0000000133
  -0.0000000109    0.0014124351   -0.0000000965
   0.0000001314    0.0014127059   -0.0000001263
  -0.0000000071    0.0014123502    0.0000000241
   0.0000000071    0.0014122894   -0.0000000576
  -0.0000000015    0.0014123753    0.0000000120
  -0.0000000026    0.0014124009   -0.0000000725
  -0.0000000113    0.0014123152    0.0000000226
   0.0000000327    0.0014121368    0.0000000973
  -0.0000000069    0.0014123826    0.0000000686
   0.0000000856    0.0014123002   -0.0000001141
  -0.0000000023    0.0014123844   -0.0000000490
  -0.0000000022    0.0014123721   -0.0000000676
  -0.0000000080    0.0014123288    0.0000000202
  -0.0000000002    0.0014123677   -0.0000000018
   0.0000000061    0.0014123706    0.0000000364
   0.0000002635    0.0014121809   -0.0000003998
   0.0000084924    0.0015097047   -0.0003035400
  -0.0000000439    0.0013831935   -0.0000024945
   0.0000000899    0.0013767496   -0.0000087231
  -0.0000000163    0.0013765262   -0.0000051141
   0.0000000863    0.0013825711   -0.0000137446
  -0.0000000164    0.0013840462   -0.0000116041
   0.0000093900    0.0016584474   -0.0004341621
  -0.0000000445    0.0013815021   -0.0000010293
  -0.0000026466    0.0013434321   -0.0000567552
   0.0000000083    0.0013760465   -0.0000029306
  -0.0000000250    0.0013872337   -0.0000105377
  -0.0000000016    0.0013874621   -0.0000140913
   0.0000002223    0.0014033461   -0.0000143445
   0.0000000039    0.0013832538   -0.0000011688
   0.0000089779    0.0013709455    0.0003521229
   0.0000002350    0.0013620046   -0.0000011826
  -0.0000000691   -0.0013792393   -0.0000003612
  -0.0000000071   -0.0013789062    0.0000000455
   0.0000000199   -0.0013789697    0.0000000743
   0.0000000049   -0.0013789531    0.0000000149
  -0.0000000292   -0.0013789452    0.0000000635
  -0.0000000152   -0.0013788937    0.0000000536
  -0.0000003494   -0.0013787515   -0.0000001236
  -0.0000000029   -0.0013789566    0.0000000068
   0.0000002083   -0.0013787280    0.0000002286
   0.0000000012   -0.0013789237   -0.0000000501
  -0.0000000099   -0.0013789222    0.0000000788
   0.0000000040   -0.0013789017    0.0000001025
  -0.0000000582   -0.0013789573    0.0000000033
  -0.0000000049   -0.0013789157   -0.0000000011
   0.0000002172   -0.0013783322    0.0000000277
  -0.0000000488   -0.0013787496    0.0000000977
   0.0000258125   -0.0014479292   -0.0000342375
  -0.0000000252   -0.0014072533    0.0000073089
  -0.0000001904   -0.0014213216    0.0000008458
  -0.0000000144   -0.0014184541   -0.0000002314
  -0.0000007686   -0.0014337972    0.0000041506
  -0.0000000040   -0.0014201698    0.0000109031
  -0.0002368024   -0.0032041846   -0.0027119052
   0.0000003900   -0.0014087866    0.0000051239
   0.0000000822   -0.0014372280    0.0000148205
  -0.0000001364   -0.0014190986   -0.0000023340
   0.0000000072   -0.0014231259    0.0000090327
   0.0000000383   -0.0014200082    0.0000146018
   0.0000000870   -0.0014198799    0.0000297718
  -0.0000001365   -0.0014081253    0.0000069983
  -0.0002476015   -0.0035165535   -0.0007977377
  -0.0000001928   -0.0014086852   -0.0000043460
   0.0000000757    0.0014122226   -0.0000000700
   0.0000000091    0.0014123719   -0.0000000537
  -0.0000000009    0.0014123468   -0.0000000232
  -0.0000000024    0.0014123491    0.0000000206
   0.0000000042    0.0014123905   -0.0000000609
  -0.0000000031    0.0014123335   -0.0000000401
  -0.0000022755    0.0014121924    0.0000018063
   0.0000000542    0.0014121620    0.0000001200
  -0.0000000102    0.0014123349   -0.0000000082
  -0.0000000098    0.0014123958    0.0000000231
   0.0000000008    0.0014123496   -0.0000000619
  -0.0000000017    0.0014123215   -0.0000000860
  -0.0000000343    0.0014122219    0.0000001216
   0.0000000148    0.0014123046    0.0000000564
   0.0000002803    0.0014120395   -0.0000000822
   0.0000000606    0.0014122236   -0.0000001186
   0.0000000130    0.0013789291   -0.0000000023
   0.0000000002    0.0013789396   -0.0000000003
   0.0000000002    0.0013789371   -0.0000000012
  -0.0000000001    0.0013789368   -0.0000000015
   0.0000000002    0.0013789353    0.0000000027
  -0.0000000001    0.0013789405   -0.0000000022
   0.0000000131    0.0013789141    0.0000000121
   0.0000000002    0.0013789404    0.0000000012
   0.0000000040    0.0013789491    0.0000000160
   0.0000000002    0.0013789347   -0.0000000011
   0.0000000001    0.0013789380   -0.0000000028
  -0.0000000001    0.0013789396   -0.0000000042
   0.0000000007    0.0013789397    0.0000000098
   0.0000000001    0.0013789395    0.0000000015
   0.0000000130    0.0013789329   -0.0000000299
   0.0000000007    0.0013789428    0.0000000024
  -0.0000000225   -0.0013789836   -0.0000005510
   0.0000000079   -0.0013788977    0.0000000484
  -0.0000000117   -0.0013789560    0.0000000411
  -0.0000000012   -0.0013789422    0.0000000013
   0.0000000375   -0.0013789314    0.0000000968
   0.0000000190   -0.0013788827    0.0000000673
   0.0000002512   -0.0013784940    0.0000000612
   0.0000000036   -0.0013789483    0.0000000039
  -0.0000001261   -0.0013787850    0.0000000507
   0.0000000106   -0.0013788911   -0.0000000718
   0.0000000111   -0.0013789138    0.0000000858
  -0.0000000015   -0.0013788998    0.0000000970
   0.0000000626   -0.0013788993    0.0000000353
   0.0000000039   -0.0013789056   -0.0000000038
  -0.0000003016   -0.0013786417   -0.0000000563
   0.0000000577   -0.0013787407    0.0000001625
   0.0000000065   -0.0014123720    0.0000000197
   0.0000000003   -0.0014123768    0.0000000005
   0.0000000002   -0.0014123755   -0.0000000039
   0.0000000001   -0.0014123770   -0.0000000010
   0.0000000011   -0.0014123685    0.0000000058
   0.0000000002   -0.0014123770    0.0000000059
   0.0000000212   -0.0014123922   -0.0000000306
   0.0000000005   -0.0014123729   -0.0000000028
   0.0000000025   -0.0014123804   -0.0000000061
   0.0000000003   -0.0014123760   -0.0000000011
   0.0000000001   -0.0014123758    0.0000000011
   0.0000000002   -0.0014123775    0.0000000044
   0.0000000026   -0.0014123849   -0.0000000078
   0.0000000003   -0.0014123754    0.0000000026
   0.0000000214   -0.0014123978    0.0000000060
   0.0000000008   -0.0014123755   -0.0000000050
  -0.0000000270    0.0014122606   -0.0000001235
  -0.0000000129    0.0014123457   -0.0000000514
   0.0000000014    0.0014123441    0.0000000039
   0.0000000022    0.0014123505    0.0000000302
   0.0000000053    0.0014123569   -0.0000000698
   0.0000000018    0.0014123383   -0.0000000634
  -0.0000035310    0.0014139079   -0.0000011555
  -0.0000000533    0.0014121635    0.0000001183
  -0.0000000066    0.0014123812    0.0000000891
   0.0000000095    0.0014123975    0.0000000245
   0.0000000023    0.0014123247   -0.0000000620
   0.0000000021    0.0014123187   -0.0000000862
   0.0000000175    0.0014122683    0.0000000244
  -0.0000000151    0.0014123061    0.0000000552
  -0.0000001037    0.0014121139   -0.0000000824
  -0.0000000813    0.0014121068   -0.0000001188
  -0.0000000423    0.0013702914   -0.0000042895
  -0.0000000693    0.0013978585    0.0000195288
  -0.0000000524    0.0013736445   -0.0000096137
  -0.0000000531    0.0013768552   -0.0000068388
  -0.0000000535    0.0013869741   -0.0000155705
  -0.0000000532    0.0013837609   -0.0000183569
  -0.0000000658    0.0013957045    0.0000213837
  -0.0000000743    0.0013679594   -0.0000023736
   0.0000000095    0.0013724827   -0.0000059962
  -0.0000026717    0.0013762739   -0.0000283695
  -0.0000000017    0.0013849784   -0.0000162413
  -0.0000000247    0.0013875034   -0.0000103056
   0.0000000039    0.0013868034    0.0000018804
   0.0000002214    0.0014033933   -0.0000143480
   0.0000002343    0.0013745756    0.0000096216
   0.0000093856    0.0008379160   -0.0001068674
   0.0000000347   -0.0013787917    0.0000001237
  -0.0000000198   -0.0013788911   -0.0000000038
   0.0000000235   -0.0013789459    0.0000000066
   0.0000000139   -0.0013789544    0.0000000541
  -0.0000000356   -0.0013788998    0.0000000082
  -0.0000000405   -0.0013788773    0.0000000860
  -0.0000000122   -0.0013789674   -0.0000000591
  -0.0000000185   -0.0013788373    0.0000000464
   0.0000000256   -0.0013788750   -0.0000000162
   0.0000001208   -0.0013790398   -0.0000000264
   0.0000000021   -0.0013788934    0.0000000814
  -0.0000000062   -0.0013789019    0.0000000921
  -0.0000000124   -0.0013789256   -0.0000000148
  -0.0000000470   -0.0013789333    0.0000000273
   0.0000000299   -0.0013787911    0.0000000275
  -0.0000003506   -0.0013791964    0.0000001822
   0.0000004332   -0.0013842913    0.0000165688
  -0.0000009897   -0.0014112148   -0.0000001499
  -0.0000000079   -0.0014211757    0.0000006811
  -0.0000001086   -0.0014209535    0.0000000224
  -0.0000001057   -0.0014351468    0.0000077011
   0.0000004206   -0.0014160546    0.0000211647
   0.0000259912   -0.0013389164   -0.0000052946
   0.0000003084   -0.0013898022    0.0000124194
   0.0000000903   -0.0014145893    0.0000004169
  -0.0000036410   -0.0014334272    0.0000089746
   0.0000000024   -0.0014233244    0.0000128922
   0.0000000454   -0.0014228291    0.0000091526
   0.0000000897   -0.0014099953    0.0000042859
  -0.0000036308   -0.0013864483    0.0000494306
  -0.0000032040   -0.0013816456    0.0000022611
  -0.0000179598   -0.0013339557   -0.0001763147
   0.0000000241    0.0014123910    0.0000000093
   0.0000000106    0.0014124135   -0.0000000761
  -0.0000000018    0.0014123501    0.0000000291
  -0.0000000017    0.0014123268   -0.0000000115
  -0.0000000132    0.0014123138    0.0000000409
  -0.0000000061    0.0014123369   -0.0000000748
   0.0000000517    0.0014122363    0.0000001987
   0.0000001094    0.0014116832    0.0000000249
  -0.0000000050    0.0014123701    0.0000000124
   0.0000000179    0.0014122171   -0.0000000413
  -0.0000000021    0.0014123275   -0.0000000664
  -0.0000000001    0.0014123400   -0.0000000785
   0.0000000128    0.0014123179    0.0000000811
  -0.0000000043    0.0014124930   -0.0000000434
   0.0000000546    0.0014122027   -0.0000000508
  -0.0000013249    0.0014135511    0.0000005449
   0.0000000028    0.0013789501    0.0000000153
   0.0000000028    0.0013789317   -0.0000000009
  -0.0000000000    0.0013789403   -0.0000000020
  -0.0000000000    0.0013789427    0.0000000002
  -0.0000000000    0.0013789440    0.0000000011
  -0.0000000000    0.0013789416   -0.0000000007
   0.0000000028    0.0013789501   -0.0000000152
   0.0000000028    0.0013789685    0.0000000006
   0.0000000002    0.0013789384    0.0000000013
   0.0000000040    0.0013789418    0.0000000085
  -0.0000000001    0.0013789411   -0.0000000050
   0.0000000001    0.0013789410   -0.0000000019
   0.0000000001    0.0013789413    0.0000000015
   0.0000000007    0.0013789346    0.0000000039
   0.0000000007    0.0013789389   -0.0000000010
   0.0000000130    0.0013789563   -0.0000000104
  -0.0000000273   -0.0013788033    0.0000000918
   0.0000000276   -0.0013788550   -0.0000000029
  -0.0000000164   -0.0013789308   -0.0000000336
  -0.0000000063   -0.0013789277    0.0000000174
   0.0000000427   -0.0013788845    0.0000000483
   0.0000000481   -0.0013788503    0.0000001229
   0.0000000197   -0.0013789794   -0.0000000272
   0.0000000263   -0.0013788013    0.0000000458
  -0.0000000144   -0.0013788702   -0.0000000473
  -0.0000000187   -0.0013788932   -0.0000002475
  -0.0000000000   -0.0013788914    0.0000000782
   0.0000000073   -0.0013788972    0.0000000973
   0.0000000111   -0.0013789111   -0.0000000115
   0.0000000523   -0.0013788811    0.0000000496
  -0.0000000192   -0.0013788432    0.0000000393
   0.0000002594   -0.0013791383    0.0000005447
   0.0000000026   -0.0014123798   -0.0000000034
   0.0000000012   -0.0014123792    0.0000000068
   0.0000000002   -0.0014123755   -0.0000000018
   0.0000000002   -0.0014123773   -0.0000000019
   0.0000000006   -0.0014123799    0.0000000020
   0.0000000004   -0.0014123771    0.0000000091
   0.0000000067   -0.0014123713   -0.0000000009
   0.0000000026   -0.0014123812   -0.0000000127
   0.0000000005   -0.0014123770   -0.0000000023
   0.0000000018   -0.0014123779    0.0000000056
   0.0000000001   -0.0014123766    0.0000000032
   0.0000000001   -0.0014123760    0.0000000015
   0.0000000005   -0.0014123784    0.0000000001
   0.0000000018   -0.0014123653    0.0000000209
   0.0000000019   -0.0014123628    0.0000000016
   0.0000000115   -0.0014123613   -0.0000000415
  -0.0000000221    0.0014123777    0.0000000065
   0.0000000029    0.0014123335   -0.0000000968
   0.0000000001    0.0014123515    0.0000000624
   0.0000000025    0.0014123291    0.0000000104
   0.0000000070    0.0014123125   -0.0000000095
   0.0000000133    0.0014123208   -0.0000001192
  -0.0000000313    0.0014122603    0.0000001276
  -0.0000000652    0.0014116771    0.0000001145
   0.0000000058    0.0014123783    0.0000000338
  -0.0000000015    0.0014122602    0.0000000088
  -0.0000000024    0.0014123338   -0.0000000665
   0.0000000036    0.0014123196   -0.0000000787
  -0.0000000121    0.0014123261    0.0000000598
   0.0000000209    0.0014125365   -0.0000000937
  -0.0000000501    0.0014122190   -0.0000000508
  -0.0000045706    0.0014100296    0.0000005501

33   
  0.0045801749589136   0.0058194991442319   0.0067197787951707
   0.0002436560    0.0017319586    0.0014375424
  -0.0000003900    0.0013805789   -0.0000005951
  -0.0000258042    0.0013251693   -0.0000428388
   0.0000000235    0.0013809287   -0.0000011815
   0.0000001891    0.0013775047   -0.0000098032
   0.0000000144    0.0013769779   -0.0000067059
   0.0000007644    0.0013883110   -0.0000145394
   0.0000000038    0.0013860917   -0.0000114492
   0.0000179605    0.0013005178    0.0001763164
   0.0000032041    0.0013482060   -0.0000022614
   0.0000036305    0.0013530944   -0.0000495005
  -0.0000000897    0.0013766225   -0.0000043421
  -0.0000000455    0.0013893910   -0.0000091530
  -0.0000000025    0.0013898863   -0.0000128927
   0.0000036412    0.0013999070   -0.0000089039
  -0.0000000903    0.0013810861   -0.0000003605
   0.0000018070   -0.0013790840   -0.0000012110
  -0.0000000008   -0.0013789561    0.0000000433
  -0.0000000389   -0.0013791931    0.0000003946
  -0.0000000129   -0.0013788929    0.0000000170
   0.0000000180   -0.0013789566    0.0000000500
   0.0000000081   -0.0013789500    0.0000000060
  -0.0000000326   -0.0013788940    0.0000000304
  -0.0000000135   -0.0013788893    0.0000000466
  -0.0000000406   -0.0013787923    0.0000000828
  -0.0000000637   -0.0013787848    0.0000001180
   0.0000001101   -0.0013788378   -0.0000001149
   0.0000000023   -0.0013789009   -0.0000000716
  -0.0000000174   -0.0013789008    0.0000000620
  -0.0000000020   -0.0013788830    0.0000000863
  -0.0000000338   -0.0013788722    0.0000000014
   0.0000000002   -0.0013789345   -0.0000000073
  -0.0006263116   -0.0062130158   -0.0055957797
   0.0000001211   -0.0014086945    0.0000045579
   0.0000003698   -0.0014245598    0.0000034165
  -0.0000000034   -0.0014086904    0.0000045819
  -0.0000000205   -0.0014232740    0.0000020826
  -0.0000000070   -0.0014200210    0.0000007140
   0.0000003525   -0.0014395471    0.0000163184
  -0.0000000024   -0.0014185342    0.0000130728
  -0.0000094499   -0.0008720761    0.0001069726
  -0.0000002394   -0.0014080052   -0.0000095708
  -0.0000002212   -0.0014367888    0.0000143714
  -0.0000000025   -0.0014203099   -0.0000018382
   0.0000000226   -0.0014209238    0.0000102737
   0.0000000001   -0.0014184088    0.0000161574
   0.0000025956   -0.0014097335    0.0000282554
  -0.0000000223   -0.0014058604    0.0000059140
   0.0000042767    0.0014142624   -0.0000005039
   0.0000000843    0.0014121462    0.0000001009
  -0.0000000712    0.0014123939   -0.0000000975
   0.0000000093    0.0014123635   -0.0000000341
  -0.0000000016    0.0014123380   -0.0000000187
  -0.0000000043    0.0014123315    0.0000000335
   0.0000000094    0.0014123543   -0.0000000751
   0.0000000004    0.0014123407   -0.0000000572
   0.0000000303    0.0014121551   -0.0000000144
   0.0000000798    0.0014123662    0.0000000067
  -0.0000000142    0.0014123349    0.0000000002
  -0.0000000132    0.0014123523    0.0000000411
   0.0000000001    0.0014123409   -0.0000000608
  -0.0000000025    0.0014123310   -0.0000001007
  -0.0000000193    0.0014123134    0.0000001861
   0.0000000194    0.0014122583    0.0000000162
  -0.0000000212    0.0013789278    0.0000000075
  -0.0000000005    0.0013789382    0.0000000052
  -0.0000000066    0.0013789384   -0.0000000187
  -0.0000000004    0.0013789390   -0.0000000024
  -0.0000000003    0.0013789360    0.0000000003
  -0.0000000001    0.0013789378   -0.0000000019
  -0.0000000011    0.0013789412    0.0000000051
  -0.0000000002    0.0013789418   -0.0000000028
  -0.0000000115    0.0013789231    0.0000000416
  -0.0000000019    0.0013789247   -0.0000000015
  -0.0000000018    0.0013789265   -0.0000000203
  -0.0000000005    0.0013789398    0.0000000003
  -0.0000000001    0.0013789380   -0.0000000016
  -0.0000000001    0.0013789386   -0.0000000033
  -0.0000000018    0.0013789405   -0.0000000062
  -0.0000000005    0.0013789394    0.0000000019
   0.0000039638   -0.0013803214    0.0000007107
  -0.0000000001   -0.0013789213    0.0000000861
  -0.0000000098   -0.0013791552    0.0000004321
   0.0000000167   -0.0013788736    0.0000000151
  -0.0000000184   -0.0013789550    0.0000000472
  -0.0000000079   -0.0013789511    0.0000000042
   0.0000000233   -0.0013788926    0.0000000283
   0.0000000149   -0.0013788907    0.0000000446
  -0.0000001368   -0.0013784888    0.0000000824
   0.0000000842   -0.0013786736    0.0000001181
  -0.0000000930   -0.0013788599   -0.0000000981
  -0.0000000020   -0.0013788969   -0.0000000879
   0.0000000144   -0.0013789020    0.0000000621
   0.0000000017   -0.0013788859    0.0000000864
   0.0000000504   -0.0013788937   -0.0000000148
   0.0000000001   -0.0013789303    0.0000000094
  -0.0000000247   -0.0014123300    0.0000000558
  -0.0000000003   -0.0014123782   -0.0000000050
  -0.0000000028   -0.0014123610   -0.0000000259
  -0.0000000000   -0.0014123769    0.0000000027
  -0.0000000001   -0.0014123743   -0.0000000027
   0.0000000001   -0.0014123754   -0.0000000002
  -0.0000000028   -0.0014123826   -0.0000000046
  -0.0000000000   -0.0014123756    0.0000000046
  -0.0000000138   -0.0014124029    0.0000000105
  -0.0000000008   -0.0014123739    0.0000000009
  -0.0000000008   -0.0014123697   -0.0000000050
  -0.0000000001   -0.0014123757   -0.0000000022
  -0.0000000001   -0.0014123763    0.0000000014
   0.0000000000   -0.0014123762    0.0000000055
  -0.0000000046   -0.0014123783   -0.0000000091
  -0.0000000003   -0.0014123743   -0.0000000015
   0.0000012538    0.0014118930   -0.0000004985
  -0.0000000814    0.0014120164    0.0000001007
   0.0000000576    0.0014124325   -0.0000000427
  -0.0000000095    0.0014123560   -0.0000000402
   0.0000000022    0.0014123410   -0.0000000188
   0.0000000050    0.0014123386    0.0000000332
  -0.0000000227    0.0014123920   -0.0000001294
  -0.0000000006    0.0014123329   -0.0000000511
  -0.0000000498    0.0014122034   -0.0000001117
  -0.0000000936    0.0014122558   -0.0000000154
   0.0000000118    0.0014123440    0.0000000100
   0.0000000154    0.0014123670    0.0000000475
  -0.0000000001    0.0014123414   -0.0000000615
   0.0000000028    0.0014123329   -0.0000000988
   0.0000000045    0.0014123179    0.0000001978
  -0.0000000186    0.0014122518   -0.0000000040
  -0.0000003090    0.0013916595    0.0000179174
  -0.0000259423    0.0013586137    0.0000514741
   0.0000009834    0.0013773024   -0.0000002765
  -0.0000004389    0.0013901414    0.0000173160
   0.0000001083    0.0013743422   -0.0000114014
   0.0000000078    0.0013777905   -0.0000092612
  -0.0000004224    0.0013894473   -0.0000152356
   0.0000001047    0.0013878124   -0.0000197032
   0.0000001928    0.0013752500    0.0000043460
   0.0002476099    0.0034831166    0.0007977396
   0.0000001364    0.0013747668   -0.0000070639
  -0.0000000872    0.0013864438   -0.0000297698
  -0.0000000384    0.0013865730   -0.0000146026
  -0.0000000073    0.0013896907   -0.0000090330
   0.0000001365    0.0013855876    0.0000023998
  -0.0000000820    0.0014037944   -0.0000148218
  -0.0000000476   -0.0013790939    0.0000000537
   0.0000000399   -0.0013788364    0.0000003854
  -0.0000000115   -0.0013789243   -0.0000000468
  -0.0000000728   -0.0013787311   -0.0000000963
   0.0000000264   -0.0013789366   -0.0000000266
   0.0000000173   -0.0013789635    0.0000000632
  -0.0000000348   -0.0013789011    0.0000000149
  -0.0000000464   -0.0013788600    0.0000000777
   0.0000000083   -0.0013788148    0.0000000508
   0.0000006986   -0.0013796271   -0.0000005475
   0.0000000207   -0.0013788880   -0.0000000639
   0.0000000564   -0.0013789701    0.0000001533
   0.0000000062   -0.0013788931    0.0000000660
  -0.0000000148   -0.0013788907    0.0000000783
  -0.0000000109   -0.0013789394   -0.0000000290
  -0.0000000178   -0.0013789064   -0.0000000680
   0.0000025155   -0.0013725250    0.0000111016
   0.0000025067   -0.0013725198    0.0000110233
  -0.0000002080   -0.0013913819    0.0000080313
  -0.0000002089   -0.0014091962   -0.0000072969
  -0.0000000189   -0.0014231943    0.0000016176
  -0.0000000188   -0.0014231903    0.0000016119
  -0.0000002085   -0.0014315579    0.0000120030
  -0.0000002048   -0.0014138115    0.0000273437
  -0.0000002402   -0.0013955474    0.0000011392
  -0.0000090406   -0.0014044129   -0.0003514206
  -0.0000000025   -0.0014167771    0.0000011993
  -0.0000002220   -0.0014368079    0.0000143137
  -0.0000000000   -0.0014208769    0.0000140238
   0.0000000228   -0.0014206571    0.0000105055
  -0.0000000211   -0.0014094272    0.0000028484
   0.0000025706   -0.0013767887    0.0000567309
   0.0000000533    0.0014121976    0.0000001339
   0.0000003136    0.0014124497    0.0000003473
   0.0000000123    0.0014123243    0.0000000073
   0.0000000002    0.0014123922   -0.0000000875
  -0.0000000010    0.0014123408    0.0000000529
  -0.0000000020    0.0014123276   -0.0000000196
  -0.0000000077    0.0014123468    0.0000000162
   0.0000000036    0.0014123090   -0.0000001544
   0.0000000431    0.0014122390   -0.0000000330
   0.0000031934    0.0014107919    0.0000007484
  -0.0000000090    0.0014123684    0.0000000385
  -0.0000000085    0.0014123431   -0.0000000876
  -0.0000000005    0.0014123408   -0.0000000683
   0.0000000004    0.0014123506   -0.0000000872
   0.0000000137    0.0014123403    0.0000000803
   0.0000000733    0.0014123683   -0.0000000862
  -0.0000000026    0.0013789454    0.0000000137
  -0.0000000067    0.0013789196   -0.0000000119
  -0.0000000013    0.0013789449   -0.0000000084
  -0.0000000026    0.0013789521    0.0000000074
  -0.0000000002    0.0013789382   -0.0000000028
  -0.0000000002    0.0013789390   -0.0000000007
  -0.0000000005    0.0013789447   -0.0000000033
  -0.0000000006    0.0013789432    0.0000000004
  -0.0000000008    0.0013789403    0.0000000051
  -0.0000000214    0.0013789626   -0.0000000059
  -0.0000000003    0.0013789396   -0.0000000019
  -0.0000000026    0.0013789500    0.0000000076
  -0.0000000002    0.0013789423   -0.0000000045
  -0.0000000002    0.0013789406   -0.0000000012
  -0.0000000003    0.0013789415    0.0000000004
  -0.0000000026    0.0013789449    0.0000000062
   0.0000000269   -0.0013790439    0.0000000680
  -0.0000000840   -0.0013788541    0.0000005172
   0.0000000094   -0.0013788964   -0.0000000393
   0.0000000591   -0.0013787489   -0.0000000757
  -0.0000000245   -0.0013789369   -0.0000000274
  -0.0000000180   -0.0013789628    0.0000000598
   0.0000000410   -0.0013789057    0.0000000052
   0.0000000396   -0.0013788700    0.0000000739
  -0.0000000129   -0.0013787320    0.0000000509
   0.0000051274   -0.0013771055   -0.0000005411
  -0.0000000214   -0.0013788827   -0.0000000757
  -0.0000000728   -0.0013789724    0.0000001688
  -0.0000000016   -0.0013788928    0.0000000661
   0.0000000113   -0.0013788936    0.0000000784
   0.0000000101   -0.0013789338   -0.0000000166
   0.0000000014   -0.0013789084   -0.0000000828
  -0.0000000046   -0.0014123888   -0.0000000058
  -0.0000000045   -0.0014123889   -0.0000000064
  -0.0000000008   -0.0014123788    0.0000000049
  -0.0000000008   -0.0014123816    0.0000000027
   0.0000000000   -0.0014123776   -0.0000000016
   0.0000000000   -0.0014123776   -0.0000000013
  -0.0000000008   -0.0014123793    0.0000000028
  -0.0000000008   -0.0014123765    0.0000000053
  -0.0000000008   -0.0014123804   -0.0000000022
  -0.0000000137   -0.0014123758    0.0000000357
  -0.0000000001   -0.0014123769   -0.0000000022
  -0.0000000008   -0.0014123775   -0.0000000107
   0.0000000000   -0.0014123778    0.0000000046
  -0.0000000001   -0.0014123761    0.0000000025
  -0.0000000003   -0.0014123732    0.0000000012
  -0.0000000045   -0.0014123870   -0.0000000152
  -0.0000000398    0.0014121238    0.0000001332
  -0.0000004118    0.0014118811    0.0000003475
  -0.0000000130    0.0014123203   -0.0000000065
   0.0000000061    0.0014123942   -0.0000000853
   0.0000000003    0.0014123416    0.0000000526
   0.0000000028    0.0014123315   -0.0000000197
   0.0000000070    0.0014123425    0.0000000300
   0.0000000025    0.0014123107   -0.0000001571
  -0.0000000395    0.0014122012   -0.0000000567
   0.0000017746    0.0014118704   -0.0000011309
   0.0000000088    0.0014123713    0.0000000479
   0.0000000099    0.0014123440   -0.0000000759
  -0.0000000002    0.0014123415   -0.0000000687
  -0.0000000003    0.0014123501   -0.0000000873
  -0.0000000139    0.0014123236    0.0000000756
  -0.0000000981    0.0014123322   -0.0000001720
   0.0002367909    0.0031709876    0.0027117013
  -0.0000003900    0.0013754090   -0.0000051757
   0.0000007686    0.0014003658   -0.0000041554
   0.0000000039    0.0013867992   -0.0000109607
   0.0000001905    0.0013878796   -0.0000008413
   0.0000000144    0.0013849843    0.0000002599
  -0.0000258121    0.0014145281    0.0000342059
   0.0000000252    0.0013737726   -0.0000072719
  -0.0000265869    0.0013846684   -0.0000993309
   0.0000013612    0.0013924465   -0.0000010463
  -0.0000003795    0.0013823044   -0.0000000438
  -0.0000000173    0.0013870497    0.0000012564
  -0.0000003799    0.0013772483   -0.0000043862
  -0.0000000173    0.0013741217   -0.0000098472
  -0.0000266574    0.0014409634   -0.0000500868
   0.0000013537    0.0013810143   -0.0000106905
   0.0000062058   -0.0013780244    0.0000014719
   0.0000000022   -0.0013788046   -0.0000001494
  -0.0000000196   -0.0013789553    0.0000000495
   0.0000000207   -0.0013789184    0.0000000344
  -0.0000000219   -0.0013789123    0.0000000066
  -0.0000000060   -0.0013788991   -0.0000000140
   0.0000000394   -0.0013787871    0.0000001473
  -0.0000000164   -0.0013789223    0.0000000598
   0.0000000001   -0.0013784415   -0.0000003033
   0.0000000352   -0.0013789854   -0.0000000474
  -0.0000000165   -0.0013789098    0.0000000044
  -0.0000000170   -0.0013788634   -0.0000000137
   0.0000000017   -0.0013789416    0.0000000426
  -0.0000000053   -0.0013789611    0.0000000666
  -0.0000001193   -0.0013790749    0.0000000493
  -0.0000000192   -0.0013789279    0.0000000027
  -0.0000094252   -0.0016914908    0.0004339583
   0.0000000447   -0.0014150286    0.0000010582
  -0.0000000983   -0.0014160123    0.0000137266
   0.0000000126   -0.0014175314    0.0000115959
  -0.0000001019   -0.0014101832    0.0000086998
   0.0000000125   -0.0014099493    0.0000050535
  -0.0000085265   -0.0015430108    0.0003035640
   0.0000000441   -0.0014165835    0.0000024049
   0.0000025863   -0.0013891725    0.0000676087
  -0.0000000218   -0.0014147368    0.0000074319
   0.0000000224   -0.0014114056    0.0000025287
  -0.0000000002   -0.0014105204    0.0000050865
  -0.0000002203   -0.0014191345   -0.0000009451
  -0.0000000029   -0.0014192206    0.0000033102
  -0.0000092616   -0.0015581548   -0.0002195206
  -0.0000002378   -0.0014132520    0.0000163870
  -0.0000003846    0.0014124408   -0.0000000129
  -0.0000000219    0.0014124434    0.0000000510
  -0.0000000062    0.0014123527   -0.0000000839
   0.0000000009    0.0014123320   -0.0000000333
   0.0000000038    0.0014123987   -0.0000000357
   0.0000000004    0.0014123717    0.0000000027
   0.0000000398    0.0014125525    0.0000003745
   0.0000000087    0.0014123155   -0.0000000373
  -0.0000000022    0.0014123437    0.0000002205
  -0.0000000108    0.0014123220    0.0000000484
  -0.0000000008    0.0014123785   -0.0000000301
   0.0000000004    0.0014123949   -0.0000000446
   0.0000000003    0.0014123191   -0.0000000009
  -0.0000000034    0.0014122923   -0.0000000014
  -0.0000001113    0.0014122592   -0.0000000205
   0.0000000473    0.0014123351   -0.0000000413
  -0.0000000213    0.0013789550    0.0000000309
  -0.0000000005    0.0013789356    0.0000000033
  -0.0000000011    0.0013789314   -0.0000000057
  -0.0000000002    0.0013789392   -0.0000000051
  -0.0000000003    0.0013789387    0.0000000036
  -0.0000000001    0.0013789406    0.0000000004
  -0.0000000065    0.0013789355   -0.0000000201
  -0.0000000004    0.0013789400   -0.0000000007
  -0.0000000068    0.0013789182   -0.0000000128
  -0.0000000012    0.0013789307   -0.0000000033
  -0.0000000003    0.0013789365   -0.0000000024
  -0.0000000002    0.0013789404   -0.0000000012
  -0.0000000003    0.0013789379    0.0000000017
  -0.0000000002    0.0013789361   -0.0000000025
  -0.0000000068    0.0013789335    0.0000000015
  -0.0000000012    0.0013789415    0.0000000063
  -0.0000003581   -0.0013792789   -0.0000004630
  -0.0000000032   -0.0013787699   -0.0000001920
   0.0000000101   -0.0013789540    0.0000000518
  -0.0000000194   -0.0013789200    0.0000000365
   0.0000000214   -0.0013789107    0.0000000097
   0.0000000062   -0.0013789003   -0.0000000117
  -0.0000000882   -0.0013787494    0.0000001096
   0.0000000203   -0.0013789024    0.0000000619
  -0.0000000314   -0.0013784448   -0.0000001517
  -0.0000000408   -0.0013790036   -0.0000000614
   0.0000000153   -0.0013789106    0.0000000056
   0.0000000178   -0.0013788614   -0.0000000133
  -0.0000000028   -0.0013789422    0.0000000416
   0.0000000063   -0.0013789586    0.0000000667
   0.0000000875   -0.0013790778   -0.0000001013
   0.0000000138   -0.0013789458    0.0000000164
  -0.0000000138   -0.0014123472   -0.0000000223
  -0.0000000001   -0.0014123763   -0.0000000016
  -0.0000000004   -0.0014123719   -0.0000000037
   0.0000000000   -0.0014123768    0.0000000017
  -0.0000000004   -0.0014123740    0.0000000003
   0.0000000000   -0.0014123740    0.0000000017
  -0.0000000137   -0.0014123693   -0.0000000019
  -0.0000000001   -0.0014123766    0.0000000008
  -0.0000000046   -0.0014123859   -0.0000000168
  -0.0000000003   -0.0014123762    0.0000000029
  -0.0000000001   -0.0014123722   -0.0000000012
   0.0000000000   -0.0014123742    0.0000000014
  -0.0000000008   -0.0014123826   -0.0000000027
  -0.0000000001   -0.0014123769    0.0000000021
  -0.0000000137   -0.0014123550    0.0000000201
  -0.0000000008   -0.0014123739   -0.0000000054
   0.0000002567    0.0014126116    0.0000002760
   0.0000000217    0.0014124538    0.0000000716
   0.0000000066    0.0014123550   -0.0000000773
  -0.0000000006    0.0014123313   -0.0000000339
  -0.0000000034    0.0014124008   -0.0000000426
  -0.0000000001    0.0014123707    0.0000000030
  -0.0000001684    0.0014127225    0.0000000862
  -0.0000000088    0.0014123255   -0.0000000582
  -0.0000000128    0.0014123489    0.0000002084
   0.0000000116    0.0014123163    0.0000000686
   0.0000000008    0.0014123792   -0.0000000296
  -0.0000000001    0.0014123968   -0.0000000467
  -0.0000000027    0.0014123280   -0.0000000108
   0.0000000055    0.0014123066   -0.0000000083
   0.0000000918    0.0014123068    0.0000000763
  -0.0000000610    0.0014122250   -0.0000000193
  -0.0000003086    0.0013565557   -0.0000125815
  -0.0000259913    0.0013055660    0.0000052171
  -0.0000004207    0.0013826683   -0.0000212079
   0.0000001057    0.0014017828   -0.0000077630
   0.0000001086    0.0013874878    0.0000000039
   0.0000000079    0.0013877264   -0.0000006691
   0.0000009897    0.0013777302    0.0000001917
  -0.0000004332    0.0013507240   -0.0000164557
  -0.0000000912    0.0013811018   -0.0000104351
   0.0000164785    0.0016142945    0.0000682022
  -0.0000000147    0.0013838166   -0.0000017759
  -0.0000001348    0.0013819793   -0.0000002867
  -0.0000000146    0.0013767425   -0.0000078693
  -0.0000001350    0.0013769245   -0.0000046303
  -0.0000000915    0.0013834689   -0.0000082118
   0.0000164395    0.0013716414   -0.0001409522
   0.0000000578   -0.0013787542   -0.0000000838
  -0.0000000907   -0.0013786624   -0.0000003732
   0.0000000394   -0.0013788847   -0.0000000293
   0.0000000187   -0.0013788830    0.0000000985
  -0.0000000228   -0.0013789155   -0.0000000477
  -0.0000000150   -0.0013788919   -0.0000000015
  -0.0000000074   -0.0013789365    0.0000000169
  -0.0000000427   -0.0013789291    0.0000000961
   0.0000000239   -0.0013789412   -0.0000000629
  -0.0000000471   -0.0013788682    0.0000001433
  -0.0000000071   -0.0013788898   -0.0000000085
  -0.0000000169   -0.0013789096    0.0000000310
  -0.0000000001   -0.0013789621    0.0000000374
   0.0000000042   -0.0013789669    0.0000000378
  -0.0000000268   -0.0013789407   -0.0000000419
  -0.0000001752   -0.0013786383    0.0000003695
   0.0000000868   -0.0014016538    0.0000024492
   0.0000000782   -0.0014292789   -0.0000212050
   0.0000000455   -0.0014172271    0.0000183530
   0.0000000458   -0.0014204510    0.0000155567
   0.0000000455   -0.0014102823    0.0000067832
   0.0000000448   -0.0014070602    0.0000095677
   0.0000000817   -0.0014311423   -0.0000196024
   0.0000000547   -0.0014036938    0.0000041127
  -0.0000000206   -0.0014111835    0.0000105071
   0.0000026020   -0.0014221322    0.0000389726
  -0.0000000002   -0.0014080431    0.0000072157
   0.0000000222   -0.0014116784    0.0000022957
  -0.0000000027   -0.0014227474    0.0000002692
  -0.0000002189   -0.0014190979   -0.0000009163
  -0.0000002399   -0.0014256743    0.0000056747
  -0.0000083160   -0.0010309616    0.0002372319
  -0.0000000209    0.0014123237   -0.0000000286
  -0.0000001204    0.0014123480   -0.0000000457
   0.0000000046    0.0014123498    0.0000000135
  -0.0000000003    0.0014123277   -0.0000001121
   0.0000000009    0.0014123872    0.0000000457
   0.0000000047    0.0014124036   -0.0000000410
   0.0000000086    0.0014123443    0.0000000113
   0.0000000363    0.0014121822   -0.0000000812
   0.0000000069    0.0014123512    0.0000000824
  -0.0000000517    0.0014122855   -0.0000002463
  -0.0000000010    0.0014123885   -0.0000000283
   0.0000000004    0.0014123963   -0.0000000484
   0.0000000051    0.0014123372    0.0000000231
   0.0000000088    0.0014123582   -0.0000000607
   0.0000000086    0.0014123545    0.0000000445
   0.0000004136    0.0014122318    0.0000001100
  -0.0000000027    0.0013789447    0.0000000136
  -0.0000000067    0.0013789366    0.0000000003
  -0.0000000005    0.0013789408   -0.0000000084
  -0.0000000006    0.0013789437   -0.0000000014
  -0.0000000002    0.0013789422    0.0000000014
  -0.0000000002    0.0013789402    0.0000000014
  -0.0000000013    0.0013789439   -0.0000000071
  -0.0000000026    0.0013789446    0.0000000030
  -0.0000000006    0.0013789380    0.0000000008
  -0.0000000111    0.0013789884    0.0000000176
  -0.0000000002    0.0013789418   -0.0000000040
  -0.0000000005    0.0013789412    0.0000000010
  -0.0000000002    0.0013789410   -0.0000000026
  -0.0000000005    0.0013789394    0.0000000019
  -0.0000000006    0.0013789424    0.0000000036
  -0.0000000111    0.0013789366   -0.0000000254
  -0.0000000783   -0.0013787048   -0.0000000973
   0.0000000466   -0.0013786801   -0.0000005060
  -0.0000000331   -0.0013788895   -0.0000000194
  -0.0000000258   -0.0013788934    0.0000001028
   0.0000000244   -0.0013789157   -0.0000000464
   0.0000000141   -0.0013788913    0.0000000021
   0.0000000053   -0.0013789080    0.0000000095
   0.0000000295   -0.0013789457    0.0000000766
  -0.0000000220   -0.0013789419   -0.0000000536
  -0.0000001514   -0.0013789883    0.0000002645
   0.0000000092   -0.0013788835   -0.0000000123
   0.0000000165   -0.0013789075    0.0000000324
   0.0000000023   -0.0013789554    0.0000000415
  -0.0000000045   -0.0013789647    0.0000000366
   0.0000000287   -0.0013789414   -0.0000000508
  -0.0000000212   -0.0013787565    0.0000002489
  -0.0000000028   -0.0014124017   -0.0000000001
  -0.0000000028   -0.0014123845    0.0000000148
  -0.0000000001   -0.0014123768    0.0000000002
  -0.0000000001   -0.0014123789   -0.0000000015
  -0.0000000001   -0.0014123780   -0.0000000004
  -0.0000000001   -0.0014123758    0.0000000017
  -0.0000000028   -0.0014123670    0.0000000012
  -0.0000000028   -0.0014123843   -0.0000000140
  -0.0000000003   -0.0014123811    0.0000000005
  -0.0000000046   -0.0014123803   -0.0000000104
   0.0000000000   -0.0014123746    0.0000000014
  -0.0000000001   -0.0014123744   -0.0000000022
  -0.0000000001   -0.0014123786    0.0000000016
  -0.0000000008   -0.0014123773    0.0000000030
  -0.0000000008   -0.0014123719   -0.0000000012
  -0.0000000137   -0.0014123860   -0.0000000053
   0.0000000212    0.0014123336   -0.0000000086
   0.0000000985    0.0014123973    0.0000000604
  -0.0000000057    0.0014123446    0.0000000106
   0.0000000025    0.0014123260   -0.0000001088
  -0.0000000020    0.0014123817    0.0000000482
  -0.0000000026    0.0014124019   -0.0000000446
  -0.0000000084    0.0014123542   -0.0000000090
  -0.0000000584    0.0014122291   -0.0000001876
  -0.0000000071    0.0014123350    0.0000000866
   0.0000000272    0.0014122492   -0.0000001611
   0.0000000003    0.0014123891   -0.0000000280
  -0.0000000002    0.0014123959   -0.0000000485
  -0.0000000053    0.0014123400    0.0000000133
  -0.0000000074    0.0014123591   -0.0000000725
  -0.0000000050    0.0014123166    0.0000000680
   0.0000044908    0.0014132940    0.0000019743

33   
 -0.0045801749589136  -0.0058194991442319  -0.0067197787951707
  -0.0002402676    0.0010335706   -0.0014417695
   0.0000003880    0.0013773257    0.0000005663
   0.0000258811    0.0014320165    0.0000421948
  -0.0000000242    0.0013769587    0.0000011444
  -0.0000001900    0.0013803228    0.0000097335
  -0.0000000144    0.0013808584    0.0000066571
  -0.0000007785    0.0013695040    0.0000144394
  -0.0000000045    0.0013717769    0.0000113402
  -0.0000179141    0.0014575458   -0.0001740965
  -0.0000031912    0.0014097243    0.0000022469
  -0.0000036467    0.0014044081    0.0000489217
   0.0000000902    0.0013812458    0.0000042896
   0.0000000444    0.0013684846    0.0000090627
   0.0000000021    0.0013679891    0.0000127647
  -0.0000036365    0.0013581675    0.0000086438
   0.0000000896    0.0013768096    0.0000003371
  -0.0000018079   -0.0013787972    0.0000012078
   0.0000000008   -0.0013789240   -0.0000000413
   0.0000000402   -0.0013786853   -0.0000003966
   0.0000000129   -0.0013789864   -0.0000000182
  -0.0000000178   -0.0013789224   -0.0000000522
  -0.0000000080   -0.0013789293   -0.0000000080
   0.0000000325   -0.0013789850   -0.0000000289
   0.0000000133   -0.0013789893   -0.0000000450
   0.0000000404   -0.0013790893   -0.0000000806
   0.0000000637   -0.0013790941   -0.0000001164
  -0.0000001084   -0.0013790405    0.0000001136
  -0.0000000021   -0.0013789791    0.0000000694
   0.0000000173   -0.0013789779   -0.0000000633
   0.0000000018   -0.0013789957   -0.0000000870
   0.0000000332   -0.0013790075    0.0000000005
  -0.0000000002   -0.0013789447    0.0000000095
   0.0006263155    0.0033750327    0.0055037010
  -0.0000001206   -0.0014161012   -0.0000045267
  -0.0000003632   -0.0014003065   -0.0000032805
   0.0000000025   -0.0014160094   -0.0000045170
   0.0000000201   -0.0014014698   -0.0000020464
   0.0000000072   -0.0014047337   -0.0000006990
  -0.0000003803   -0.0013853200   -0.0000163385
   0.0000000034   -0.0014062671   -0.0000129868
   0.0000084585   -0.0019446682   -0.0001051378
   0.0000002376   -0.0014167954    0.0000095744
   0.0000002216   -0.0013880608   -0.0000141724
   0.0000000034   -0.0014044566    0.0000018645
  -0.0000000225   -0.0014038605   -0.0000102094
   0.0000000003   -0.0014063745   -0.0000160470
  -0.0000025925   -0.0014151284   -0.0000278803
   0.0000000192   -0.0014188381   -0.0000058421
  -0.0000042157    0.0014105101    0.0000005018
  -0.0000000842    0.0014126041   -0.0000000980
   0.0000000706    0.0014123561    0.0000000931
  -0.0000000092    0.0014123880    0.0000000311
   0.0000000017    0.0014124131    0.0000000168
   0.0000000043    0.0014124188   -0.0000000352
  -0.0000000091    0.0014123974    0.0000000768
  -0.0000000003    0.0014124101    0.0000000594
  -0.0000000294    0.0014125964    0.0000000179
  -0.0000000798    0.0014123849   -0.0000000065
   0.0000000140    0.0014124158   -0.0000000043
   0.0000000131    0.0014123987   -0.0000000437
  -0.0000000000    0.0014124100    0.0000000597
   0.0000000026    0.0014124192    0.0000000992
   0.0000000190    0.0014124376   -0.0000001825
  -0.0000000192    0.0014124921   -0.0000000130
   0.0000000212    0.0013789503   -0.0000000052
   0.0000000005    0.0013789394   -0.0000000027
   0.0000000065    0.0013789399    0.0000000173
   0.0000000003    0.0013789389    0.0000000009
   0.0000000002    0.0013789415   -0.0000000028
   0.0000000001    0.0013789393   -0.0000000006
   0.0000000011    0.0013789361   -0.0000000035
   0.0000000002    0.0013789352    0.0000000043
   0.0000000114    0.0013789540   -0.0000000400
   0.0000000019    0.0013789521    0.0000000032
   0.0000000018    0.0013789505    0.0000000180
   0.0000000005    0.0013789368   -0.0000000027
   0.0000000001    0.0013789382   -0.0000000002
   0.0000000001    0.0013789374    0.0000000016
   0.0000000018    0.0013789358    0.0000000086
   0.0000000005    0.0013789367    0.0000000005
  -0.0000040015   -0.0013775404   -0.0000007140
   0.0000000001   -0.0013789588   -0.0000000842
   0.0000000087   -0.0013787231   -0.0000004344
  -0.0000000168   -0.0013790061   -0.0000000162
   0.0000000183   -0.0013789240   -0.0000000491
   0.0000000079   -0.0013789282   -0.0000000055
  -0.0000000228   -0.0013789864   -0.0000000269
  -0.0000000144   -0.0013789875   -0.0000000432
   0.0000001351   -0.0013793896   -0.0000000809
  -0.0000000845   -0.0013792063   -0.0000001163
   0.0000000920   -0.0013790193    0.0000000975
   0.0000000018   -0.0013789833    0.0000000864
  -0.0000000141   -0.0013789767   -0.0000000632
  -0.0000000012   -0.0013789924   -0.0000000869
  -0.0000000501   -0.0013789856    0.0000000172
  -0.0000000001   -0.0013789488   -0.0000000071
   0.0000000247   -0.0014124218   -0.0000000544
   0.0000000002   -0.0014123738    0.0000000067
   0.0000000028   -0.0014123908    0.0000000236
   0.0000000000   -0.0014123750   -0.0000000050
   0.0000000000   -0.0014123766    0.0000000010
  -0.0000000001   -0.0014123758   -0.0000000016
   0.0000000028   -0.0014123684    0.0000000070
   0.0000000000   -0.0014123757   -0.0000000022
   0.0000000137   -0.0014123467   -0.0000000099
   0.0000000008   -0.0014123762   -0.0000000002
   0.0000000008   -0.0014123798    0.0000000021
   0.0000000000   -0.0014123741   -0.0000000007
   0.0000000001   -0.0014123725   -0.0000000021
  -0.0000000001   -0.0014123729   -0.0000000062
   0.0000000046   -0.0014123709    0.0000000120
   0.0000000003   -0.0014123753    0.0000000043
  -0.0000012462    0.0014128569    0.0000005071
   0.0000000813    0.0014127349   -0.0000000981
  -0.0000000573    0.0014123188    0.0000000388
   0.0000000094    0.0014123959    0.0000000370
  -0.0000000023    0.0014124100    0.0000000167
  -0.0000000050    0.0014124113   -0.0000000354
   0.0000000226    0.0014123592    0.0000001317
   0.0000000006    0.0014124178    0.0000000534
   0.0000000490    0.0014125482    0.0000001123
   0.0000000936    0.0014124962    0.0000000158
  -0.0000000117    0.0014124068   -0.0000000141
  -0.0000000153    0.0014123838   -0.0000000506
   0.0000000000    0.0014124094    0.0000000603
  -0.0000000030    0.0014124172    0.0000000969
  -0.0000000043    0.0014124320   -0.0000001942
   0.0000000183    0.0014124978    0.0000000076
   0.0000003025    0.0013664237   -0.0000179640
   0.0000259446    0.0013991292   -0.0000516632
  -0.0000009807    0.0013805653    0.0000003053
   0.0000004362    0.0013677801   -0.0000173222
  -0.0000001086    0.0013834562    0.0000113028
  -0.0000000079    0.0013800444    0.0000092049
   0.0000004195    0.0013684412    0.0000150872
  -0.0000001066    0.0013699795    0.0000195339
  -0.0000001911    0.0013826743   -0.0000042637
  -0.0002408498   -0.0007666473   -0.0007908621
  -0.0000001377    0.0013830552    0.0000070195
   0.0000000853    0.0013714669    0.0000295755
   0.0000000379    0.0013713106    0.0000144635
   0.0000000067    0.0013681832    0.0000089442
  -0.0000001377    0.0013723409   -0.0000024314
   0.0000000904    0.0013542036    0.0000145503
   0.0000000469   -0.0013787838   -0.0000000523
  -0.0000000396   -0.0013790405   -0.0000003820
   0.0000000115   -0.0013789527    0.0000000457
   0.0000000725   -0.0013791454    0.0000000947
  -0.0000000260   -0.0013789397    0.0000000244
  -0.0000000171   -0.0013789133   -0.0000000652
   0.0000000345   -0.0013789751   -0.0000000137
   0.0000000458   -0.0013790156   -0.0000000751
  -0.0000000082   -0.0013790635   -0.0000000491
  -0.0000007068   -0.0013782513    0.0000005493
  -0.0000000204   -0.0013789905    0.0000000616
  -0.0000000556   -0.0013789084   -0.0000001555
  -0.0000000063   -0.0013789845   -0.0000000669
   0.0000000146   -0.0013789871   -0.0000000795
   0.0000000108   -0.0013789388    0.0000000310
   0.0000000172   -0.0013789713    0.0000000707
  -0.0000024883   -0.0014523568   -0.0000109537
  -0.0000024970   -0.0014523527   -0.0000110306
   0.0000002074   -0.0014330775   -0.0000079350
   0.0000002065   -0.0014155570    0.0000073365
   0.0000000190   -0.0014015571   -0.0000015798
   0.0000000190   -0.0014015526   -0.0000015845
   0.0000002069   -0.0013933679   -0.0000119460
   0.0000002105   -0.0014109548   -0.0000272060
   0.0000002368   -0.0014290458   -0.0000011121
   0.0000088575   -0.0014204980    0.0003514114
   0.0000000034   -0.0014079540   -0.0000011864
   0.0000002208   -0.0013880331   -0.0000141891
   0.0000000002   -0.0014039212   -0.0000139186
  -0.0000000222   -0.0014041316   -0.0000104420
   0.0000000203   -0.0014153135   -0.0000027656
  -0.0000026170   -0.0014476330   -0.0000560864
  -0.0000000533    0.0014125524   -0.0000001301
  -0.0000003137    0.0014122990   -0.0000003460
  -0.0000000122    0.0014124256   -0.0000000099
  -0.0000000002    0.0014123580    0.0000000854
   0.0000000010    0.0014124080   -0.0000000546
   0.0000000021    0.0014124213    0.0000000177
   0.0000000076    0.0014124024   -0.0000000136
  -0.0000000037    0.0014124397    0.0000001561
  -0.0000000430    0.0014125137    0.0000000339
  -0.0000031573    0.0014139487   -0.0000007408
   0.0000000090    0.0014123844   -0.0000000413
   0.0000000086    0.0014124100    0.0000000848
   0.0000000005    0.0014124112    0.0000000669
  -0.0000000004    0.0014124019    0.0000000862
  -0.0000000136    0.0014124119   -0.0000000765
  -0.0000000734    0.0014123837    0.0000000886
   0.0000000026    0.0013789348   -0.0000000113
   0.0000000067    0.0013789605    0.0000000145
   0.0000000012    0.0013789355    0.0000000070
   0.0000000026    0.0013789282   -0.0000000090
   0.0000000002    0.0013789415    0.0000000002
   0.0000000002    0.0013789406   -0.0000000019
   0.0000000004    0.0013789348    0.0000000049
   0.0000000006    0.0013789362    0.0000000011
   0.0000000008    0.0013789391   -0.0000000034
   0.0000000214    0.0013789169    0.0000000077
   0.0000000003    0.0013789397   -0.0000000005
   0.0000000026    0.0013789295   -0.0000000101
   0.0000000002    0.0013789363    0.0000000027
   0.0000000001    0.0013789382   -0.0000000006
   0.0000000003    0.0013789372    0.0000000020
   0.0000000026    0.0013789340   -0.0000000039
  -0.0000000267   -0.0013788325   -0.0000000656
   0.0000000835   -0.0013790233   -0.0000005166
  -0.0000000094   -0.0013789806    0.0000000385
  -0.0000000592   -0.0013791287    0.0000000748
   0.0000000243   -0.0013789396    0.0000000259
   0.0000000180   -0.0013789139   -0.0000000615
  -0.0000000406   -0.0013789703   -0.0000000042
  -0.0000000385   -0.0013790048   -0.0000000706
   0.0000000126   -0.0013791455   -0.0000000491
  -0.0000051959   -0.0013807963    0.0000005557
   0.0000000212   -0.0013789962    0.0000000742
   0.0000000723   -0.0013789064   -0.0000001704
   0.0000000019   -0.0013789847   -0.0000000669
  -0.0000000109   -0.0013789841   -0.0000000794
  -0.0000000101   -0.0013789441    0.0000000191
  -0.0000000005   -0.0013789689    0.0000000863
   0.0000000045   -0.0014123624    0.0000000076
   0.0000000046   -0.0014123626    0.0000000081
   0.0000000008   -0.0014123723   -0.0000000073
   0.0000000008   -0.0014123698   -0.0000000050
  -0.0000000000   -0.0014123729   -0.0000000001
  -0.0000000000   -0.0014123732   -0.0000000005
   0.0000000008   -0.0014123713   -0.0000000004
   0.0000000008   -0.0014123744   -0.0000000029
   0.0000000008   -0.0014123728    0.0000000029
   0.0000000137   -0.0014123775   -0.0000000349
   0.0000000000   -0.0014123759   -0.0000000007
   0.0000000008   -0.0014123754    0.0000000078
  -0.0000000001   -0.0014123744   -0.0000000053
   0.0000000001   -0.0014123762   -0.0000000032
   0.0000000003   -0.0014123795    0.0000000016
   0.0000000046   -0.0014123656    0.0000000180
   0.0000000400    0.0014126253   -0.0000001307
   0.0000004108    0.0014128716   -0.0000003458
   0.0000000129    0.0014124300    0.0000000035
  -0.0000000061    0.0014123561    0.0000000828
  -0.0000000003    0.0014124069   -0.0000000548
  -0.0000000029    0.0014124174    0.0000000176
  -0.0000000069    0.0014124064   -0.0000000270
  -0.0000000027    0.0014124376    0.0000001581
   0.0000000393    0.0014125517    0.0000000570
  -0.0000017786    0.0014128901    0.0000011375
  -0.0000000088    0.0014123813   -0.0000000511
  -0.0000000099    0.0014124090    0.0000000729
   0.0000000002    0.0014124106    0.0000000671
   0.0000000002    0.0014124023    0.0000000861
   0.0000000138    0.0014124278   -0.0000000720
   0.0000000980    0.0014124202    0.0000001736
  -0.0002469584   -0.0003666587   -0.0026258478
   0.0000003881    0.0013825057    0.0000051566
  -0.0000007742    0.0013575827    0.0000040774
  -0.0000000044    0.0013710935    0.0000108546
  -0.0000001887    0.0013700311    0.0000007793
  -0.0000000143    0.0013729256   -0.0000002957
   0.0000258757    0.0013436114   -0.0000345874
  -0.0000000225    0.0013840582    0.0000072486
   0.0000266270    0.0013731030    0.0000982569
  -0.0000013511    0.0013655364    0.0000010127
   0.0000003821    0.0013755285   -0.0000000253
   0.0000000175    0.0013708636   -0.0000013053
   0.0000003817    0.0013805995    0.0000043631
   0.0000000175    0.0013836763    0.0000098025
   0.0000265596    0.0013168732    0.0000495386
  -0.0000013585    0.0013767863    0.0000106225
  -0.0000060966   -0.0013798413   -0.0000014424
  -0.0000000018   -0.0013790745    0.0000001492
   0.0000000195   -0.0013789234   -0.0000000518
  -0.0000000207   -0.0013789609   -0.0000000363
   0.0000000217   -0.0013789664   -0.0000000072
   0.0000000060   -0.0013789795    0.0000000132
  -0.0000000394   -0.0013790917   -0.0000001444
   0.0000000164   -0.0013789566   -0.0000000568
   0.0000000016   -0.0013794386    0.0000003018
  -0.0000000348   -0.0013788950    0.0000000474
   0.0000000167   -0.0013789692   -0.0000000069
   0.0000000168   -0.0013790155    0.0000000110
  -0.0000000016   -0.0013789373   -0.0000000419
   0.0000000053   -0.0013789180   -0.0000000655
   0.0000001191   -0.0013788045   -0.0000000478
   0.0000000189   -0.0013789513   -0.0000000005
   0.0000088018   -0.0011358040   -0.0004281446
  -0.0000000434   -0.0014097240   -0.0000010299
   0.0000001031   -0.0014087437   -0.0000136231
  -0.0000000127   -0.0014072423   -0.0000115082
   0.0000000995   -0.0014145304   -0.0000085908
  -0.0000000128   -0.0014147621   -0.0000049712
   0.0000096941   -0.0012798952   -0.0003051612
  -0.0000000440   -0.0014081492   -0.0000023938
  -0.0000026014   -0.0014351641   -0.0000667349
   0.0000000197   -0.0014100228   -0.0000073632
  -0.0000000227   -0.0014132965   -0.0000024708
  -0.0000000000   -0.0014141898   -0.0000049941
   0.0000002225   -0.0014055302    0.0000010104
   0.0000000030   -0.0014055154   -0.0000033011
   0.0000086341   -0.0012689102    0.0002188856
   0.0000002392   -0.0014115332   -0.0000163632
   0.0000003831    0.0014123079    0.0000000064
   0.0000000218    0.0014123083   -0.0000000511
   0.0000000062    0.0014123986    0.0000000807
  -0.0000000009    0.0014124186    0.0000000296
  -0.0000000038    0.0014123526    0.0000000360
  -0.0000000004    0.0014123789   -0.0000000022
  -0.0000000384    0.0014121994   -0.0000003731
  -0.0000000085    0.0014124353    0.0000000402
   0.0000000018    0.0014124077   -0.0000002234
   0.0000000105    0.0014124287   -0.0000000500
   0.0000000008    0.0014123726    0.0000000271
  -0.0000000004    0.0014123562    0.0000000416
  -0.0000000002    0.0014124320    0.0000000021
   0.0000000035    0.0014124578    0.0000000028
   0.0000001103    0.0014124934    0.0000000242
  -0.0000000473    0.0014124162    0.0000000440
   0.0000000212    0.0013789233   -0.0000000301
   0.0000000005    0.0013789423   -0.0000000026
   0.0000000011    0.0013789465    0.0000000028
   0.0000000002    0.0013789383    0.0000000022
   0.0000000002    0.0013789385   -0.0000000043
   0.0000000001    0.0013789363   -0.0000000011
   0.0000000066    0.0013789422    0.0000000230
   0.0000000003    0.0013789373    0.0000000035
   0.0000000068    0.0013789590    0.0000000124
   0.0000000012    0.0013789461    0.0000000028
   0.0000000003    0.0013789400   -0.0000000005
   0.0000000002    0.0013789358   -0.0000000017
   0.0000000003    0.0013789382   -0.0000000012
   0.0000000002    0.0013789397    0.0000000029
   0.0000000068    0.0013789433    0.0000000013
   0.0000000012    0.0013789349   -0.0000000034
   0.0000003635   -0.0013786017    0.0000004663
   0.0000000027   -0.0013791094    0.0000001923
  -0.0000000100   -0.0013789248   -0.0000000536
   0.0000000195   -0.0013789592   -0.0000000380
  -0.0000000213   -0.0013789680   -0.0000000101
  -0.0000000062   -0.0013789784    0.0000000112
   0.0000000882   -0.0013791297   -0.0000001069
  -0.0000000202   -0.0013789757   -0.0000000586
   0.0000000305   -0.0013794364    0.0000001530
   0.0000000404   -0.0013788769    0.0000000615
  -0.0000000155   -0.0013789685   -0.0000000079
  -0.0000000177   -0.0013790178    0.0000000109
   0.0000000028   -0.0013789365   -0.0000000407
  -0.0000000060   -0.0013789198   -0.0000000649
  -0.0000000875   -0.0013788018    0.0000001021
  -0.0000000132   -0.0013789328   -0.0000000149
   0.0000000137   -0.0014124047    0.0000000220
   0.0000000001   -0.0014123758    0.0000000012
   0.0000000003   -0.0014123794    0.0000000008
  -0.0000000001   -0.0014123746   -0.0000000046
   0.0000000003   -0.0014123768    0.0000000002
  -0.0000000001   -0.0014123771   -0.0000000013
   0.0000000138   -0.0014123822    0.0000000048
   0.0000000001   -0.0014123751    0.0000000022
   0.0000000045   -0.0014123638    0.0000000153
   0.0000000003   -0.0014123739   -0.0000000044
   0.0000000001   -0.0014123768   -0.0000000013
  -0.0000000001   -0.0014123752   -0.0000000039
   0.0000000008   -0.0014123663    0.0000000042
   0.0000000000   -0.0014123723   -0.0000000006
   0.0000000137   -0.0014123945   -0.0000000176
   0.0000000008   -0.0014123760    0.0000000079
  -0.0000002541    0.0014121382   -0.0000002812
  -0.0000000216    0.0014122981   -0.0000000720
  -0.0000000067    0.0014123964    0.0000000738
   0.0000000005    0.0014124195    0.0000000297
   0.0000000033    0.0014123502    0.0000000428
   0.0000000000    0.0014123794   -0.0000000025
   0.0000001668    0.0014120290   -0.0000000848
   0.0000000087    0.0014124246    0.0000000608
   0.0000000128    0.0014124028   -0.0000002122
  -0.0000000115    0.0014124352   -0.0000000706
  -0.0000000008    0.0014123721    0.0000000265
   0.0000000001    0.0014123542    0.0000000436
   0.0000000026    0.0014124228    0.0000000118
  -0.0000000057    0.0014124426    0.0000000092
  -0.0000000907    0.0014124444   -0.0000000707
   0.0000000612    0.0014125279    0.0000000218
   0.0000003030    0.0014011476    0.0000126590
   0.0000258961    0.0014525880   -0.0000053761
   0.0000004211    0.0013751843    0.0000209978
  -0.0000001056    0.0013561789    0.0000076713
  -0.0000001083    0.0013704312   -0.0000000634
  -0.0000000077    0.0013701895    0.0000006091
  -0.0000009746    0.0013801344   -0.0000001397
   0.0000004419    0.0014068857    0.0000164568
   0.0000000916    0.0013767746    0.0000103363
  -0.0000164622    0.0011450320   -0.0000678807
   0.0000000152    0.0013740803    0.0000017327
   0.0000001352    0.0013758897    0.0000002367
   0.0000000153    0.0013810974    0.0000078221
   0.0000001350    0.0013809196    0.0000046095
   0.0000000914    0.0013743917    0.0000081261
  -0.0000165015    0.0013849856    0.0001403242
  -0.0000000570   -0.0013791227    0.0000000840
   0.0000000913   -0.0013792145    0.0000003718
  -0.0000000390   -0.0013789914    0.0000000271
  -0.0000000188   -0.0013789936   -0.0000001004
   0.0000000226   -0.0013789607    0.0000000467
   0.0000000148   -0.0013789840    0.0000000012
   0.0000000075   -0.0013789394   -0.0000000141
   0.0000000424   -0.0013789468   -0.0000000924
  -0.0000000236   -0.0013789375    0.0000000622
   0.0000000480   -0.0013790090   -0.0000001439
   0.0000000071   -0.0013789881    0.0000000059
   0.0000000169   -0.0013789685   -0.0000000336
   0.0000000002   -0.0013789159   -0.0000000366
  -0.0000000041   -0.0013789110   -0.0000000371
   0.0000000266   -0.0013789374    0.0000000438
   0.0000001746   -0.0013792399   -0.0000003667
  -0.0000000568   -0.0014228407   -0.0000025744
  -0.0000000652   -0.0013955925    0.0000212888
  -0.0000000455   -0.0014075098   -0.0000181906
  -0.0000000452   -0.0014043385   -0.0000154475
  -0.0000000456   -0.0014144324   -0.0000066730
  -0.0000000463   -0.0014176047   -0.0000094257
  -0.0000000616   -0.0013935889    0.0000195420
  -0.0000000887   -0.0014210101   -0.0000042638
   0.0000000209   -0.0014135615   -0.0000104289
  -0.0000025863   -0.0014026745   -0.0000386879
   0.0000000000   -0.0014166347   -0.0000071277
  -0.0000000229   -0.0014130319   -0.0000022371
   0.0000000032   -0.0014020133   -0.0000002551
   0.0000002238   -0.0014055410    0.0000009984
   0.0000002371   -0.0013992491   -0.0000056777
   0.0000095884   -0.0017982095   -0.0002393075
   0.0000000209    0.0014124264    0.0000000280
   0.0000001198    0.0014124027    0.0000000462
  -0.0000000047    0.0014123993   -0.0000000170
   0.0000000004    0.0014124216    0.0000001086
  -0.0000000009    0.0014123619   -0.0000000448
  -0.0000000047    0.0014123454    0.0000000410
  -0.0000000085    0.0014124051   -0.0000000084
  -0.0000000361    0.0014125666    0.0000000833
  -0.0000000070    0.0014124018   -0.0000000838
   0.0000000522    0.0014124689    0.0000002445
   0.0000000010    0.0014123643    0.0000000252
  -0.0000000004    0.0014123567    0.0000000456
  -0.0000000050    0.0014124149   -0.0000000216
  -0.0000000087    0.0014123944    0.0000000621
  -0.0000000088    0.0014123989   -0.0000000413
  -0.0000004241    0.0014125209   -0.0000001048
   0.0000000026    0.0013789357   -0.0000000129
   0.0000000067    0.0013789437    0.0000000004
   0.0000000004    0.0013789393    0.0000000055
   0.0000000006    0.0013789363   -0.0000000015
   0.0000000002    0.0013789372   -0.0000000021
   0.0000000002    0.0013789392   -0.0000000021
   0.0000000012    0.0013789360    0.0000000099
   0.0000000026    0.0013789351   -0.0000000002
   0.0000000006    0.0013789414   -0.0000000012
   0.0000000111    0.0013788911   -0.0000000179
   0.0000000002    0.0013789372    0.0000000011
   0.0000000005    0.0013789379   -0.0000000040
   0.0000000002    0.0013789375    0.0000000030
   0.0000000005    0.0013789393   -0.0000000015
   0.0000000006    0.0013789367   -0.0000000007
   0.0000000111    0.0013789427    0.0000000284
   0.0000000774   -0.0013791720    0.0000000980
  -0.0000000474   -0.0013791972    0.0000005054
   0.0000000330   -0.0013789867    0.0000000178
   0.0000000259   -0.0013789833   -0.0000001045
  -0.0000000244   -0.0013789605    0.0000000458
  -0.0000000140   -0.0013789846   -0.0000000022
  -0.0000000054   -0.0013789668   -0.0000000068
  -0.0000000285   -0.0013789289   -0.0000000716
   0.0000000217   -0.0013789367    0.0000000538
   0.0000001497   -0.0013788906   -0.0000002651
  -0.0000000092   -0.0013789945    0.0000000098
  -0.0000000166   -0.0013789706   -0.0000000349
  -0.0000000022   -0.0013789220   -0.0000000402
   0.0000000045   -0.0013789131   -0.0000000357
  -0.0000000285   -0.0013789365    0.0000000525
   0.0000000251   -0.0013791197   -0.0000002451
   0.0000000027   -0.0014123495   -0.0000000004
   0.0000000028   -0.0014123672   -0.0000000151
   0.0000000001   -0.0014123741   -0.0000000031
   0.0000000001   -0.0014123722   -0.0000000014
   0.0000000001   -0.0014123724    0.0000000009
   0.0000000001   -0.0014123748   -0.0000000013
   0.0000000027   -0.0014123840    0.0000000017
   0.0000000028   -0.0014123670    0.0000000169
   0.0000000003   -0.0014123721   -0.0000000020
   0.0000000045   -0.0014123729    0.0000000091
  -0.0000000001   -0.0014123778   -0.0000000039
   0.0000000001   -0.0014123781   -0.0000000003
   0.0000000000   -0.0014123738   -0.0000000001
   0.0000000008   -0.0014123751   -0.0000000014
   0.0000000008   -0.0014123810    0.0000000037
   0.0000000137   -0.0014123670    0.0000000077
  -0.0000000211    0.0014124164    0.0000000079
  -0.0000000980    0.0014123543   -0.0000000608
   0.0000000057    0.0014124046   -0.0000000147
  -0.0000000025    0.0014124234    0.0000001050
   0.0000000020    0.0014123669   -0.0000000474
   0.0000000025    0.0014123471    0.0000000444
   0.0000000083    0.0014123951    0.0000000114
   0.0000000578    0.0014125158    0.0000001900
   0.0000000071    0.0014124183   -0.0000000888
  -0.0000000274    0.0014125052    0.0000001588
  -0.0000000003    0.0014123636    0.0000000249
   0.0000000002    0.0014123572    0.0000000455
   0.0000000052    0.0014124117   -0.0000000122
   0.0000000073    0.0014123935    0.0000000738
   0.0000000052    0.0014124368   -0.0000000646
  -0.0000045756    0.0014114459   -0.0000019981