512  
4    

1    
  0.0045801749592508   0.0058194991445740   0.0067197787946446
  -0.0006139344   -0.0025430944   -0.0045540390
   0.0000001376    0.0014145478    0.0000045539
   0.0000003538    0.0013839415    0.0000163008
   0.0000000003    0.0014047763    0.0000130508
  -0.0000000194    0.0014000603    0.0000020559
  -0.0000000086    0.0014033499    0.0000007014
   0.0000003370    0.0013988298    0.0000033172
   0.0000000011    0.0014145986    0.0000045008
  -0.0000089916    0.0017933968    0.0002382456
  -0.0000002277    0.0013976758    0.0000057679
  -0.0000002198    0.0014040668   -0.0000009907
  -0.0000000046    0.0014005818    0.0000003061
   0.0000000247    0.0014115939    0.0000022326
   0.0000000017    0.0014151978    0.0000071227
   0.0000026272    0.0014015245    0.0000384956
  -0.0000000098    0.0014121857    0.0000103421
   0.0000049533   -0.0014119837   -0.0000011622
  -0.0000000192   -0.0014111124    0.0000001046
  -0.0000000402   -0.0014109518   -0.0000002166
  -0.0000000240   -0.0014109470   -0.0000000499
   0.0000000242   -0.0014109384   -0.0000000146
   0.0000000062   -0.0014109679    0.0000000011
   0.0000000190   -0.0014108532   -0.0000000989
   0.0000000123   -0.0014109631   -0.0000000473
  -0.0000000959   -0.0014109016    0.0000006008
  -0.0000000450   -0.0014109092    0.0000000282
   0.0000000110   -0.0014109271   -0.0000000448
   0.0000000086   -0.0014109860   -0.0000000139
  -0.0000000004   -0.0014108994   -0.0000000532
   0.0000000038   -0.0014109198   -0.0000000555
   0.0000000517   -0.0014110112    0.0000000558
   0.0000000299   -0.0014110105    0.0000000205
   0.0002371561   -0.0009688308    0.0012017882
  -0.0000003849   -0.0014418421   -0.0000006105
   0.0000007736   -0.0014341001   -0.0000143686
   0.0000000041   -0.0014363125   -0.0000113317
   0.0000001884   -0.0014448875   -0.0000096877
   0.0000000143   -0.0014454461   -0.0000066014
  -0.0000256810   -0.0014962940   -0.0000420414
   0.0000000239   -0.0014415817   -0.0000011000
   0.0000161988   -0.0014492350   -0.0001394443
  -0.0000000895   -0.0014388890   -0.0000081711
  -0.0000001325   -0.0014454706   -0.0000045980
  -0.0000000151   -0.0014456411   -0.0000077916
  -0.0000001326   -0.0014404753   -0.0000002260
  -0.0000000149   -0.0014386756   -0.0000017164
   0.0000161613   -0.0012112687    0.0000676301
  -0.0000000897   -0.0014414420   -0.0000102020
   0.0000049905    0.0014445219    0.0000020211
   0.0000000085    0.0014434570    0.0000000190
  -0.0000000071    0.0014435150    0.0000000228
   0.0000000003    0.0014435443    0.0000000442
  -0.0000000033    0.0014434843    0.0000000283
  -0.0000000007    0.0014435170    0.0000000075
  -0.0000000192    0.0014433311    0.0000004710
  -0.0000000116    0.0014435696    0.0000000239
  -0.0000001237    0.0014435416    0.0000001771
   0.0000000185    0.0014434497   -0.0000000370
  -0.0000000009    0.0014435005    0.0000000229
  -0.0000000011    0.0014434780    0.0000000562
   0.0000000007    0.0014435456    0.0000000174
  -0.0000000007    0.0014435707   -0.0000000101
   0.0000000927    0.0014437763   -0.0000004330
  -0.0000000013    0.0014435260   -0.0000000159
  -0.0000000251    0.0014109629    0.0000000359
   0.0000000000    0.0014109231   -0.0000000135
  -0.0000000028    0.0014109219   -0.0000000080
  -0.0000000000    0.0014109298    0.0000000005
   0.0000000000    0.0014109250    0.0000000068
   0.0000000000    0.0014109239    0.0000000092
  -0.0000000028    0.0014109390   -0.0000000308
  -0.0000000000    0.0014109228   -0.0000000019
  -0.0000000129    0.0014109288    0.0000000052
  -0.0000000007    0.0014109272    0.0000000019
  -0.0000000007    0.0014109327    0.0000000090
  -0.0000000001    0.0014109183    0.0000000070
  -0.0000000001    0.0014109352   -0.0000000061
   0.0000000000    0.0014109220   -0.0000000034
  -0.0000000040    0.0014109359   -0.0000000081
  -0.0000000002    0.0014109208    0.0000000033
   0.0000050048   -0.0014120131   -0.0000011476
   0.0000000018   -0.0014110954    0.0000001044
   0.0000000309   -0.0014109425   -0.0000001761
   0.0000000203   -0.0014109407   -0.0000000250
  -0.0000000255   -0.0014109775   -0.0000000146
  -0.0000000049   -0.0014109766    0.0000000011
  -0.0000000283   -0.0014108441   -0.0000001391
  -0.0000000160   -0.0014109568   -0.0000000721
   0.0000001756   -0.0014105954    0.0000005188
   0.0000000362   -0.0014109179    0.0000000913
  -0.0000000153   -0.0014109838   -0.0000000136
  -0.0000000077   -0.0014109959   -0.0000000165
  -0.0000000008   -0.0014109076   -0.0000000464
  -0.0000000063   -0.0014109217   -0.0000000609
  -0.0000001326   -0.0014109552   -0.0000001188
  -0.0000000415   -0.0014110422   -0.0000000008
  -0.0000000209   -0.0014435153    0.0000000121
  -0.0000000005   -0.0014435045    0.0000000099
  -0.0000000011   -0.0014435010    0.0000000104
  -0.0000000002   -0.0014435007    0.0000000033
  -0.0000000003   -0.0014435059   -0.0000000043
  -0.0000000001   -0.0014435034   -0.0000000067
  -0.0000000065   -0.0014435087   -0.0000000176
  -0.0000000003   -0.0014435081   -0.0000000009
  -0.0000000110   -0.0014435063   -0.0000000353
  -0.0000000006   -0.0014434986   -0.0000000052
  -0.0000000005   -0.0014435029   -0.0000000057
  -0.0000000002   -0.0014434978   -0.0000000101
  -0.0000000005   -0.0014435065    0.0000000041
  -0.0000000002   -0.0014435027   -0.0000000010
  -0.0000000110   -0.0014434600    0.0000000181
  -0.0000000006   -0.0014435056    0.0000000004
   0.0000006809    0.0014428539   -0.0000008749
  -0.0000000094    0.0014434553    0.0000000172
  -0.0000000022    0.0014435477    0.0000000141
   0.0000000009    0.0014435396    0.0000000214
   0.0000000029    0.0014434870    0.0000000547
   0.0000000009    0.0014435156    0.0000000169
  -0.0000000294    0.0014432943    0.0000004166
   0.0000000153    0.0014435950    0.0000000262
   0.0000000914    0.0014436110    0.0000000993
  -0.0000000240    0.0014434330   -0.0000000730
  -0.0000000003    0.0014435111    0.0000000350
   0.0000000019    0.0014434958    0.0000000639
  -0.0000000019    0.0014435562    0.0000000052
   0.0000000015    0.0014435883   -0.0000000179
  -0.0000001247    0.0014438454   -0.0000003549
  -0.0000000042    0.0014435096    0.0000000201
   0.0000025442    0.0014505345    0.0000111540
   0.0000025348    0.0014505360    0.0000110753
  -0.0000002022    0.0014094796    0.0000272155
  -0.0000001986    0.0013919082    0.0000119698
  -0.0000000193    0.0014001584    0.0000015922
  -0.0000000193    0.0014001627    0.0000015875
  -0.0000001983    0.0014141589   -0.0000073768
  -0.0000001992    0.0014316627    0.0000078817
  -0.0000002298    0.0014100028    0.0000164864
  -0.0000080465    0.0012672338   -0.0002172284
  -0.0000000044    0.0014040818    0.0000033460
  -0.0000002185    0.0014041099   -0.0000009489
   0.0000000017    0.0014127540    0.0000049856
   0.0000000246    0.0014118507    0.0000024665
  -0.0000000086    0.0014086665    0.0000072890
   0.0000026417    0.0014336658    0.0000662502
  -0.0000002154   -0.0014109872    0.0000001606
   0.0000000808   -0.0014111524    0.0000000622
  -0.0000000527   -0.0014110282   -0.0000000263
  -0.0000000441   -0.0014109470   -0.0000000917
   0.0000000265   -0.0014109425    0.0000000254
   0.0000000163   -0.0014109795   -0.0000000052
  -0.0000000107   -0.0014110394   -0.0000000166
   0.0000000421   -0.0014109847   -0.0000000736
  -0.0000000462   -0.0014109962    0.0000000292
  -0.0000001805   -0.0014105192   -0.0000004070
   0.0000000072   -0.0014109763   -0.0000000151
   0.0000000139   -0.0014109569   -0.0000000648
   0.0000000026   -0.0014109180   -0.0000000374
  -0.0000000013   -0.0014109005   -0.0000000483
   0.0000000196   -0.0014109484    0.0000000826
   0.0000001996   -0.0014107637    0.0000003034
  -0.0000257397   -0.0014635486    0.0000512806
  -0.0000002939   -0.0014308719    0.0000177006
   0.0000001031   -0.0014345273   -0.0000194852
  -0.0000004160   -0.0014330128   -0.0000150449
   0.0000000078   -0.0014446264   -0.0000091507
   0.0000001077   -0.0014480240   -0.0000112201
  -0.0000004242   -0.0014325570    0.0000173344
   0.0000009735   -0.0014451738   -0.0000002657
   0.0000013487   -0.0014412599   -0.0000106660
  -0.0000263507   -0.0013816532   -0.0000494427
  -0.0000000170   -0.0014481933   -0.0000097761
  -0.0000003789   -0.0014451466   -0.0000043590
  -0.0000000168   -0.0014354992    0.0000013181
  -0.0000003792   -0.0014401243    0.0000000373
   0.0000013414   -0.0014302928   -0.0000009055
  -0.0000264179   -0.0014378824   -0.0000976471
  -0.0000000313    0.0014434680    0.0000001710
   0.0000000841    0.0014431733    0.0000000430
  -0.0000000010    0.0014435255    0.0000000301
  -0.0000000000    0.0014435709    0.0000001037
   0.0000000002    0.0014435041   -0.0000000480
  -0.0000000032    0.0014434798    0.0000000445
  -0.0000000131    0.0014435543   -0.0000000190
   0.0000000188    0.0014436624   -0.0000000770
  -0.0000000049    0.0014434936   -0.0000000426
  -0.0000001127    0.0014435612    0.0000001867
  -0.0000000002    0.0014434884    0.0000000352
  -0.0000000025    0.0014434980    0.0000000444
  -0.0000000056    0.0014435471   -0.0000000127
  -0.0000000005    0.0014435062    0.0000000182
   0.0000000077    0.0014435102   -0.0000000674
   0.0000000663    0.0014436834    0.0000003099
  -0.0000000039    0.0014109110   -0.0000000139
  -0.0000000039    0.0014109107   -0.0000000134
  -0.0000000007    0.0014109280    0.0000000020
  -0.0000000007    0.0014109252   -0.0000000003
   0.0000000000    0.0014109214    0.0000000081
   0.0000000000    0.0014109211    0.0000000077
  -0.0000000007    0.0014109182   -0.0000000016
  -0.0000000007    0.0014109204    0.0000000005
  -0.0000000007    0.0014109266   -0.0000000025
  -0.0000000129    0.0014109416    0.0000000247
  -0.0000000001    0.0014109215    0.0000000074
  -0.0000000007    0.0014109156    0.0000000031
   0.0000000000    0.0014109243   -0.0000000033
  -0.0000000001    0.0014109258   -0.0000000052
  -0.0000000002    0.0014109270    0.0000000054
  -0.0000000040    0.0014109174   -0.0000000156
   0.0000001143   -0.0014107270    0.0000001604
  -0.0000001664   -0.0014113464    0.0000000619
   0.0000000451   -0.0014109841    0.0000000023
   0.0000000352   -0.0014109527   -0.0000000324
  -0.0000000264   -0.0014109842    0.0000000254
  -0.0000000162   -0.0014110051   -0.0000000052
   0.0000000031   -0.0014109955   -0.0000000453
  -0.0000000509   -0.0014109903   -0.0000001322
   0.0000000356   -0.0014109450    0.0000000406
   0.0000002569   -0.0014105856   -0.0000000493
  -0.0000000060   -0.0014109904   -0.0000000118
  -0.0000000190   -0.0014110077   -0.0000000431
  -0.0000000046   -0.0014109200   -0.0000000406
   0.0000000002   -0.0014109050   -0.0000000434
  -0.0000000306   -0.0014109530    0.0000000521
  -0.0000002993   -0.0014109070    0.0000000871
  -0.0000000066   -0.0014435325   -0.0000000082
  -0.0000000026   -0.0014434991    0.0000000188
  -0.0000000006   -0.0014435100    0.0000000062
  -0.0000000004   -0.0014434992    0.0000000027
  -0.0000000002   -0.0014435133   -0.0000000053
  -0.0000000002   -0.0014435044   -0.0000000076
  -0.0000000026   -0.0014435055    0.0000000087
  -0.0000000012   -0.0014435033   -0.0000000069
  -0.0000000012   -0.0014435009   -0.0000000029
  -0.0000000067   -0.0014435089   -0.0000000080
  -0.0000000002   -0.0014435047   -0.0000000099
  -0.0000000003   -0.0014435031   -0.0000000059
  -0.0000000002   -0.0014435057    0.0000000018
  -0.0000000003   -0.0014435100    0.0000000007
  -0.0000000012   -0.0014435149   -0.0000000034
  -0.0000000067   -0.0014435281   -0.0000000126
   0.0000000111    0.0014434448    0.0000001013
  -0.0000001281    0.0014431775    0.0000001305
   0.0000000070    0.0014435267   -0.0000000191
  -0.0000000070    0.0014435864    0.0000000603
   0.0000000015    0.0014435028   -0.0000000155
   0.0000000024    0.0014434775    0.0000000658
   0.0000000110    0.0014435673   -0.0000000218
  -0.0000000320    0.0014437402   -0.0000000973
   0.0000000067    0.0014434973   -0.0000000762
  -0.0000000846    0.0014435776    0.0000001048
   0.0000000022    0.0014434956    0.0000000398
   0.0000000021    0.0014435075    0.0000000585
   0.0000000077    0.0014435543   -0.0000000174
   0.0000000001    0.0014435157    0.0000000041
  -0.0000000059    0.0014435140   -0.0000000338
  -0.0000002638    0.0014436997    0.0000003901
  -0.0000091294    0.0012794189    0.0003023569
   0.0000000432    0.0014066766    0.0000024618
  -0.0000000901    0.0014130636    0.0000085696
   0.0000000163    0.0014132857    0.0000049985
  -0.0000000937    0.0014073163    0.0000135773
   0.0000000162    0.0014058674    0.0000114569
  -0.0000082487    0.0011353959    0.0004253043
   0.0000000426    0.0014083809    0.0000009969
   0.0000026581    0.0014459305    0.0000557882
  -0.0000000092    0.0014137927    0.0000028308
   0.0000000241    0.0014027196    0.0000104257
   0.0000000016    0.0014024907    0.0000139116
  -0.0000002169    0.0013867445    0.0000141425
  -0.0000000048    0.0014066021    0.0000011568
  -0.0000082677    0.0014192061   -0.0003500700
  -0.0000002276    0.0014275983    0.0000011585
   0.0000000682   -0.0014106262    0.0000003518
   0.0000000069   -0.0014109561   -0.0000000542
  -0.0000000193   -0.0014108939   -0.0000000802
  -0.0000000048   -0.0014109103   -0.0000000212
   0.0000000282   -0.0014109228   -0.0000000596
   0.0000000147   -0.0014109727   -0.0000000493
   0.0000003388   -0.0014111207    0.0000001256
   0.0000000028   -0.0014109120   -0.0000000055
  -0.0000002037   -0.0014111365   -0.0000002294
  -0.0000000010   -0.0014109538    0.0000000464
   0.0000000095   -0.0014109449   -0.0000000764
  -0.0000000043   -0.0014109742   -0.0000000985
   0.0000000566   -0.0014109082    0.0000000056
   0.0000000049   -0.0014109573    0.0000000113
  -0.0000002151   -0.0014115267   -0.0000000184
   0.0000000472   -0.0014111175   -0.0000000895
  -0.0000256753   -0.0014084324    0.0000343885
   0.0000000221   -0.0014485587   -0.0000072454
   0.0000001873   -0.0014346367   -0.0000007787
   0.0000000143   -0.0014374919    0.0000002663
   0.0000007696   -0.0014222641   -0.0000040604
   0.0000000040   -0.0014357635   -0.0000107350
   0.0002420158   -0.0001026303    0.0019301167
  -0.0000003850   -0.0014471086   -0.0000050715
  -0.0000000849   -0.0014189042   -0.0000144638
   0.0000001368   -0.0014368635    0.0000023530
  -0.0000000070   -0.0014327993   -0.0000088959
  -0.0000000376   -0.0014359081   -0.0000143788
  -0.0000000802   -0.0014360844   -0.0000294270
   0.0000001367   -0.0014476687   -0.0000069261
   0.0002382522    0.0001514139    0.0007852436
   0.0000001871   -0.0014472140    0.0000042304
  -0.0000000767    0.0014436583    0.0000000631
  -0.0000000088    0.0014435213    0.0000000488
   0.0000000009    0.0014435353    0.0000000230
   0.0000000023    0.0014435426   -0.0000000200
  -0.0000000038    0.0014434888    0.0000000692
   0.0000000030    0.0014435541    0.0000000486
   0.0000022159    0.0014436748   -0.0000017663
  -0.0000000524    0.0014437194   -0.0000001097
   0.0000000095    0.0014435561    0.0000000036
   0.0000000094    0.0014434877   -0.0000000251
  -0.0000000007    0.0014435380    0.0000000686
   0.0000000017    0.0014435554    0.0000000913
   0.0000000333    0.0014436640   -0.0000001216
  -0.0000000142    0.0014435719   -0.0000000595
  -0.0000002778    0.0014438426    0.0000000739
  -0.0000000589    0.0014436510    0.0000001079
  -0.0000000130    0.0014109339   -0.0000000075
  -0.0000000002    0.0014109237   -0.0000000096
  -0.0000000003    0.0014109253   -0.0000000065
   0.0000000001    0.0014109258   -0.0000000061
  -0.0000000003    0.0014109322    0.0000000002
   0.0000000001    0.0014109272    0.0000000050
  -0.0000000129    0.0014109538   -0.0000000114
  -0.0000000002    0.0014109278   -0.0000000005
  -0.0000000040    0.0014109275   -0.0000000187
  -0.0000000002    0.0014109290   -0.0000000018
  -0.0000000001    0.0014109381    0.0000000032
   0.0000000000    0.0014109238    0.0000000046
  -0.0000000007    0.0014109323    0.0000000001
  -0.0000000001    0.0014109197    0.0000000084
  -0.0000000129    0.0014109396    0.0000000360
  -0.0000000007    0.0014109170    0.0000000040
   0.0000000214   -0.0014108776    0.0000005374
  -0.0000000076   -0.0014109642   -0.0000000569
   0.0000000112   -0.0014109074   -0.0000000475
   0.0000000011   -0.0014109211   -0.0000000078
  -0.0000000363   -0.0014109362   -0.0000000921
  -0.0000000183   -0.0014109834   -0.0000000626
  -0.0000002557   -0.0014113702   -0.0000000649
  -0.0000000036   -0.0014109204   -0.0000000027
   0.0000001224   -0.0014110804   -0.0000000551
  -0.0000000106   -0.0014109855    0.0000000675
  -0.0000000106   -0.0014109530   -0.0000000831
   0.0000000018   -0.0014109759   -0.0000000928
  -0.0000000608   -0.0014109648   -0.0000000255
  -0.0000000039   -0.0014109672    0.0000000139
   0.0000002904   -0.0014112184    0.0000000606
  -0.0000000559   -0.0014111260   -0.0000001524
  -0.0000000065   -0.0014435120   -0.0000000224
  -0.0000000003   -0.0014435067   -0.0000000034
  -0.0000000003   -0.0014435080    0.0000000043
  -0.0000000001   -0.0014435061    0.0000000015
  -0.0000000011   -0.0014435110    0.0000000042
  -0.0000000002   -0.0014435021    0.0000000041
  -0.0000000209   -0.0014434879    0.0000000366
  -0.0000000005   -0.0014435066    0.0000000091
  -0.0000000025   -0.0014435022    0.0000000035
  -0.0000000003   -0.0014435031   -0.0000000015
  -0.0000000002   -0.0014435020    0.0000000075
  -0.0000000002   -0.0014434970    0.0000000043
  -0.0000000025   -0.0014434937    0.0000000034
  -0.0000000003   -0.0014434997   -0.0000000070
  -0.0000000211   -0.0014434809   -0.0000000146
  -0.0000000007   -0.0014434998   -0.0000000034
   0.0000000278    0.0014436210    0.0000001177
   0.0000000126    0.0014435467    0.0000000464
  -0.0000000014    0.0014435379   -0.0000000035
  -0.0000000021    0.0014435411   -0.0000000293
  -0.0000000055    0.0014435216    0.0000000779
  -0.0000000018    0.0014435495    0.0000000713
   0.0000033933    0.0014420228    0.0000011133
   0.0000000515    0.0014437176   -0.0000001077
   0.0000000068    0.0014435107   -0.0000000912
  -0.0000000092    0.0014434860   -0.0000000264
  -0.0000000023    0.0014435622    0.0000000685
  -0.0000000021    0.0014435580    0.0000000911
  -0.0000000171    0.0014436187   -0.0000000268
   0.0000000144    0.0014435702   -0.0000000581
   0.0000001017    0.0014437727    0.0000000737
   0.0000000790    0.0014437644    0.0000001078
   0.0000000560    0.0014194761    0.0000043761
   0.0000000292    0.0013920962   -0.0000193934
   0.0000000527    0.0014161058    0.0000094133
   0.0000000521    0.0014129633    0.0000066869
   0.0000000517    0.0014029752    0.0000153791
   0.0000000519    0.0014061159    0.0000180965
   0.0000000328    0.0013943469   -0.0000213425
   0.0000000246    0.0014215534    0.0000024840
  -0.0000000080    0.0014173082    0.0000058950
   0.0000026337    0.0014137563    0.0000278772
   0.0000000015    0.0014049526    0.0000160429
   0.0000000244    0.0014024401    0.0000101930
  -0.0000000048    0.0014031164   -0.0000018880
  -0.0000002177    0.0013867022    0.0000140719
  -0.0000002282    0.0014153158   -0.0000095607
  -0.0000078761    0.0019402560    0.0001037766
  -0.0000000345   -0.0014110801   -0.0000001320
   0.0000000190   -0.0014109709   -0.0000000051
  -0.0000000226   -0.0014109260   -0.0000000135
  -0.0000000134   -0.0014109090   -0.0000000595
   0.0000000345   -0.0014109763   -0.0000000060
   0.0000000389   -0.0014109877   -0.0000000798
   0.0000000116   -0.0014109100    0.0000000592
   0.0000000183   -0.0014110304   -0.0000000436
  -0.0000000248   -0.0014109916    0.0000000127
  -0.0000001176   -0.0014108302    0.0000000259
  -0.0000000022   -0.0014109725   -0.0000000781
   0.0000000058   -0.0014109645   -0.0000000892
   0.0000000120   -0.0014109373    0.0000000244
   0.0000000456   -0.0014109288   -0.0000000163
  -0.0000000293   -0.0014110667   -0.0000000204
   0.0000003398   -0.0014106633   -0.0000001755
  -0.0000004300   -0.0014711845   -0.0000164755
   0.0000009673   -0.0014446411    0.0000001015
   0.0000000077   -0.0014347976   -0.0000006166
   0.0000001075   -0.0014350136    0.0000000374
   0.0000001022   -0.0014209433   -0.0000075648
  -0.0000004176   -0.0014398097   -0.0000208314
  -0.0000256921   -0.0015168892    0.0000053972
  -0.0000002946   -0.0014657714   -0.0000124316
  -0.0000000882   -0.0014413210   -0.0000003908
   0.0000036075   -0.0014227751   -0.0000086667
  -0.0000000024   -0.0014326115   -0.0000126916
  -0.0000000440   -0.0014331028   -0.0000090165
  -0.0000000889   -0.0014458618   -0.0000042207
   0.0000036172   -0.0014689095   -0.0000485761
   0.0000031659   -0.0014741137   -0.0000022513
   0.0000176002   -0.0015214847    0.0001729755
  -0.0000000237    0.0014434918   -0.0000000128
  -0.0000000105    0.0014434710    0.0000000711
   0.0000000018    0.0014435313   -0.0000000281
   0.0000000017    0.0014435541    0.0000000114
   0.0000000127    0.0014435636   -0.0000000297
   0.0000000060    0.0014435400    0.0000000815
  -0.0000000506    0.0014436372   -0.0000001867
  -0.0000001038    0.0014441841   -0.0000000165
   0.0000000048    0.0014435142   -0.0000000144
  -0.0000000179    0.0014436652    0.0000000379
   0.0000000020    0.0014435509    0.0000000724
   0.0000000001    0.0014435385    0.0000000848
  -0.0000000124    0.0014435602   -0.0000000830
   0.0000000044    0.0014433868    0.0000000374
  -0.0000000533    0.0014436731    0.0000000412
   0.0000012843    0.0014423558   -0.0000005491
  -0.0000000028    0.0014109144   -0.0000000250
  -0.0000000027    0.0014109325   -0.0000000090
  -0.0000000000    0.0014109234   -0.0000000056
  -0.0000000000    0.0014109208   -0.0000000078
  -0.0000000000    0.0014109249    0.0000000017
  -0.0000000000    0.0014109269    0.0000000035
  -0.0000000028    0.0014109192    0.0000000157
  -0.0000000027    0.0014109006    0.0000000002
  -0.0000000002    0.0014109298   -0.0000000042
  -0.0000000040    0.0014109261   -0.0000000114
   0.0000000000    0.0014109268    0.0000000054
  -0.0000000001    0.0014109265    0.0000000023
  -0.0000000001    0.0014109226    0.0000000084
  -0.0000000007    0.0014109290    0.0000000060
  -0.0000000007    0.0014109254    0.0000000073
  -0.0000000129    0.0014109075    0.0000000168
   0.0000000270   -0.0014110678   -0.0000001005
  -0.0000000267   -0.0014110064   -0.0000000057
   0.0000000156   -0.0014109409    0.0000000255
   0.0000000059   -0.0014109352   -0.0000000235
  -0.0000000414   -0.0014109911   -0.0000000451
  -0.0000000462   -0.0014110136   -0.0000001154
  -0.0000000191   -0.0014108980    0.0000000276
  -0.0000000260   -0.0014110660   -0.0000000428
   0.0000000137   -0.0014109961    0.0000000431
   0.0000000170   -0.0014109743    0.0000002433
   0.0000000002   -0.0014109744   -0.0000000749
  -0.0000000069   -0.0014109689   -0.0000000941
  -0.0000000109   -0.0014109516    0.0000000210
  -0.0000000506   -0.0014109796   -0.0000000379
   0.0000000186   -0.0014110154   -0.0000000320
  -0.0000002657   -0.0014107311   -0.0000005322
  -0.0000000026   -0.0014435132    0.0000000006
  -0.0000000012   -0.0014435043   -0.0000000097
  -0.0000000002   -0.0014435170    0.0000000023
  -0.0000000002   -0.0014435058    0.0000000024
  -0.0000000006   -0.0014435087    0.0000000080
  -0.0000000004   -0.0014435019    0.0000000009
  -0.0000000066   -0.0014435175    0.0000000071
  -0.0000000026   -0.0014434983    0.0000000190
  -0.0000000005   -0.0014435069   -0.0000000003
  -0.0000000018   -0.0014435062   -0.0000000082
  -0.0000000001   -0.0014435026    0.0000000055
  -0.0000000001   -0.0014435035    0.0000000071
  -0.0000000005   -0.0014435015   -0.0000000045
  -0.0000000018   -0.0014435149   -0.0000000253
  -0.0000000018   -0.0014435171   -0.0000000100
  -0.0000000113   -0.0014435191    0.0000000330
   0.0000000216    0.0014435048   -0.0000000101
  -0.0000000029    0.0014435492    0.0000000912
  -0.0000000001    0.0014435299   -0.0000000605
  -0.0000000025    0.0014435516   -0.0000000100
  -0.0000000068    0.0014435649    0.0000000194
  -0.0000000130    0.0014435556    0.0000001245
   0.0000000304    0.0014436139   -0.0000001168
   0.0000000600    0.0014441876   -0.0000001037
  -0.0000000056    0.0014435061   -0.0000000353
   0.0000000016    0.0014436224   -0.0000000109
   0.0000000023    0.0014435448    0.0000000723
  -0.0000000036    0.0014435583    0.0000000847
   0.0000000116    0.0014435522   -0.0000000620
  -0.0000000206    0.0014433446    0.0000000860
   0.0000000489    0.0014436569    0.0000000412
   0.0000043827    0.0014457591   -0.0000005441

1    
 -0.0045801749592508  -0.0058194991445740  -0.0067197787946446
   0.0006139239    0.0053744219    0.0046191140
  -0.0000001379    0.0014073450   -0.0000045982
  -0.0000003262    0.0014380305   -0.0000162799
  -0.0000000011    0.0014171305   -0.0000131356
   0.0000000197    0.0014217808   -0.0000020790
   0.0000000085    0.0014185021   -0.0000007032
  -0.0000003433    0.0014231339   -0.0000034672
  -0.0000000002    0.0014071978   -0.0000045787
   0.0000077340    0.0010328457   -0.0002361712
   0.0000002306    0.0014243349   -0.0000057503
   0.0000002150    0.0014176878    0.0000009227
   0.0000000042    0.0014212679   -0.0000003073
  -0.0000000240    0.0014102313   -0.0000023044
  -0.0000000015    0.0014065691   -0.0000072229
  -0.0000026430    0.0014204056   -0.0000387809
   0.0000000095    0.0014096564   -0.0000104207
  -0.0000050594   -0.0014098784    0.0000011312
   0.0000000195   -0.0014107354   -0.0000001216
   0.0000000398   -0.0014109047    0.0000002143
   0.0000000240   -0.0014109095    0.0000000485
  -0.0000000243   -0.0014109093    0.0000000300
  -0.0000000063   -0.0014108793    0.0000000141
  -0.0000000192   -0.0014109944    0.0000000878
  -0.0000000124   -0.0014108841    0.0000000366
   0.0000001044   -0.0014109420   -0.0000005839
   0.0000000453   -0.0014109590   -0.0000000163
  -0.0000000109   -0.0014109201    0.0000000568
  -0.0000000089   -0.0014108802    0.0000000259
   0.0000000004   -0.0014109485    0.0000000422
  -0.0000000040   -0.0014109469    0.0000000453
  -0.0000000519   -0.0014108475   -0.0000000564
  -0.0000000301   -0.0014108659   -0.0000000196
  -0.0002396165   -0.0019244267   -0.0011966235
   0.0000003869   -0.0014451914    0.0000006528
  -0.0000007600   -0.0014528445    0.0000144797
  -0.0000000035   -0.0014506856    0.0000114519
  -0.0000001877   -0.0014420695    0.0000097441
  -0.0000000143   -0.0014415193    0.0000066369
   0.0000256047   -0.0013900304    0.0000426847
  -0.0000000230   -0.0014454436    0.0000011364
  -0.0000161397   -0.0014365292    0.0001400505
   0.0000000895   -0.0014480925    0.0000082406
   0.0000001325   -0.0014415014    0.0000046047
   0.0000000144   -0.0014413206    0.0000078244
   0.0000001324   -0.0014465294    0.0000002761
   0.0000000146   -0.0014483506    0.0000017583
  -0.0000161770   -0.0016771846   -0.0000679476
   0.0000000892   -0.0014455646    0.0000103003
  -0.0000049081    0.0014424996   -0.0000019814
  -0.0000000088    0.0014435701   -0.0000000069
   0.0000000070    0.0014434914   -0.0000000112
  -0.0000000003    0.0014434807   -0.0000000331
   0.0000000034    0.0014435221   -0.0000000394
   0.0000000007    0.0014435083   -0.0000000184
   0.0000000200    0.0014436843   -0.0000004685
   0.0000000116    0.0014434654   -0.0000000226
   0.0000001236    0.0014434831   -0.0000001934
  -0.0000000186    0.0014435558    0.0000000201
   0.0000000009    0.0014435248   -0.0000000377
   0.0000000011    0.0014435282   -0.0000000710
  -0.0000000007    0.0014434890   -0.0000000148
   0.0000000007    0.0014434439    0.0000000127
  -0.0000000933    0.0014432592    0.0000004358
   0.0000000015    0.0014434898    0.0000000172
   0.0000000250    0.0014108859   -0.0000000511
  -0.0000000001    0.0014109259   -0.0000000019
   0.0000000027    0.0014109353    0.0000000054
   0.0000000000    0.0014109277   -0.0000000031
  -0.0000000000    0.0014109229    0.0000000086
  -0.0000000000    0.0014109242    0.0000000063
   0.0000000028    0.0014109098    0.0000000194
   0.0000000000    0.0014109260   -0.0000000093
   0.0000000128    0.0014109390    0.0000000062
   0.0000000007    0.0014109150    0.0000000094
   0.0000000007    0.0014109343    0.0000000030
   0.0000000001    0.0014109232    0.0000000051
   0.0000000001    0.0014109320   -0.0000000053
  -0.0000000001    0.0014109196   -0.0000000079
   0.0000000040    0.0014109412    0.0000000097
   0.0000000002    0.0014109307   -0.0000000015
  -0.0000048979   -0.0014098212    0.0000011458
  -0.0000000021   -0.0014107520   -0.0000001217
  -0.0000000306   -0.0014109138    0.0000001742
  -0.0000000203   -0.0014109157    0.0000000237
   0.0000000256   -0.0014108700    0.0000000301
   0.0000000050   -0.0014108704    0.0000000141
   0.0000000285   -0.0014110037    0.0000001282
   0.0000000161   -0.0014108903    0.0000000614
  -0.0000001753   -0.0014112518   -0.0000005080
  -0.0000000367   -0.0014109505   -0.0000000794
   0.0000000152   -0.0014108635    0.0000000256
   0.0000000079   -0.0014108701    0.0000000286
   0.0000000007   -0.0014109404    0.0000000354
   0.0000000064   -0.0014109452    0.0000000508
   0.0000001330   -0.0014109037    0.0000001179
   0.0000000417   -0.0014108339    0.0000000016
   0.0000000209   -0.0014434922   -0.0000000006
   0.0000000005   -0.0014435025    0.0000000014
   0.0000000011   -0.0014435057    0.0000000016
   0.0000000002   -0.0014435055    0.0000000088
   0.0000000002   -0.0014435008   -0.0000000071
   0.0000000001   -0.0014435030   -0.0000000046
   0.0000000065   -0.0014435080    0.0000000191
   0.0000000003   -0.0014435083    0.0000000026
   0.0000000109   -0.0014435007    0.0000000186
   0.0000000005   -0.0014435017   -0.0000000115
   0.0000000004   -0.0014435033   -0.0000000088
   0.0000000002   -0.0014435019   -0.0000000044
   0.0000000005   -0.0014435094   -0.0000000011
   0.0000000002   -0.0014435067    0.0000000039
   0.0000000110   -0.0014435563   -0.0000000176
   0.0000000005   -0.0014435043    0.0000000003
  -0.0000006711    0.0014441527    0.0000008845
   0.0000000097    0.0014435718   -0.0000000050
   0.0000000022    0.0014434584   -0.0000000026
  -0.0000000010    0.0014434851   -0.0000000104
  -0.0000000029    0.0014435195   -0.0000000660
  -0.0000000009    0.0014435098   -0.0000000279
   0.0000000289    0.0014437215   -0.0000004142
  -0.0000000154    0.0014434398   -0.0000000249
  -0.0000000918    0.0014434140   -0.0000001156
   0.0000000240    0.0014435722    0.0000000562
   0.0000000002    0.0014435142   -0.0000000499
  -0.0000000020    0.0014435105   -0.0000000789
   0.0000000018    0.0014434784   -0.0000000026
  -0.0000000016    0.0014434259    0.0000000205
   0.0000001253    0.0014431898    0.0000003583
   0.0000000040    0.0014435063   -0.0000000189
  -0.0000025528    0.0013714383   -0.0000111571
  -0.0000025623    0.0013714409   -0.0000112371
   0.0000001967    0.0014123927   -0.0000273520
   0.0000002004    0.0014301221   -0.0000120252
   0.0000000192    0.0014216823   -0.0000016065
   0.0000000192    0.0014216862   -0.0000016123
   0.0000002007    0.0014076917    0.0000073234
   0.0000001997    0.0013898932   -0.0000079896
   0.0000002285    0.0014118807   -0.0000164943
   0.0000086704    0.0015569144    0.0002178786
   0.0000000043    0.0014177531   -0.0000033421
   0.0000002164    0.0014176540    0.0000008978
  -0.0000000014    0.0014090549   -0.0000050908
  -0.0000000242    0.0014099503   -0.0000025375
   0.0000000107    0.0014132005   -0.0000073577
  -0.0000026279    0.0013877772   -0.0000671209
   0.0000002152   -0.0014108826   -0.0000001765
  -0.0000000803   -0.0014106976   -0.0000000808
   0.0000000528   -0.0014108489    0.0000000247
   0.0000000440   -0.0014109107    0.0000000902
  -0.0000000266   -0.0014109252   -0.0000000105
  -0.0000000164   -0.0014108690    0.0000000209
   0.0000000107   -0.0014108282    0.0000000054
  -0.0000000428   -0.0014108639    0.0000000639
   0.0000000463   -0.0014108529   -0.0000000173
   0.0000001827   -0.0014113290    0.0000004178
  -0.0000000073   -0.0014108713    0.0000000273
  -0.0000000139   -0.0014108913    0.0000000772
  -0.0000000026   -0.0014109297    0.0000000268
   0.0000000013   -0.0014109477    0.0000000376
  -0.0000000198   -0.0014109090   -0.0000000820
  -0.0000002017   -0.0014110921   -0.0000002987
   0.0000257386   -0.0014233410   -0.0000510805
   0.0000003004   -0.0014563364   -0.0000176399
  -0.0000001015   -0.0014524114    0.0000196655
   0.0000004187   -0.0014540019    0.0000152036
  -0.0000000078   -0.0014423546    0.0000091937
  -0.0000001075   -0.0014389012    0.0000113052
   0.0000004272   -0.0014545188   -0.0000173280
  -0.0000009759   -0.0014418287    0.0000002356
  -0.0000013442   -0.0014456717    0.0000107174
   0.0000264472   -0.0015053120    0.0000499677
   0.0000000167   -0.0014387358    0.0000098068
   0.0000003771   -0.0014418317    0.0000043679
   0.0000000168   -0.0014515526   -0.0000012702
   0.0000003768   -0.0014468462    0.0000000320
  -0.0000013515   -0.0014568287    0.0000009389
   0.0000263769   -0.0014490287    0.0000987144
   0.0000000309    0.0014435400   -0.0000001590
  -0.0000000852    0.0014438349   -0.0000000304
   0.0000000010    0.0014434808   -0.0000000186
   0.0000000000    0.0014434355   -0.0000000925
  -0.0000000002    0.0014435027    0.0000000374
   0.0000000033    0.0014435268   -0.0000000561
   0.0000000131    0.0014434625    0.0000000204
  -0.0000000189    0.0014433531    0.0000000773
   0.0000000049    0.0014435131    0.0000000261
   0.0000001133    0.0014434451   -0.0000002030
   0.0000000001    0.0014435183   -0.0000000499
   0.0000000025    0.0014435085   -0.0000000590
   0.0000000057    0.0014434685    0.0000000154
   0.0000000005    0.0014435094   -0.0000000157
  -0.0000000078    0.0014435065    0.0000000691
  -0.0000000662    0.0014433334   -0.0000003088
   0.0000000039    0.0014109378   -0.0000000014
   0.0000000039    0.0014109377   -0.0000000020
   0.0000000007    0.0014109294   -0.0000000045
   0.0000000007    0.0014109319   -0.0000000023
  -0.0000000000    0.0014109265    0.0000000073
  -0.0000000000    0.0014109265    0.0000000077
   0.0000000007    0.0014109305   -0.0000000096
   0.0000000007    0.0014109280   -0.0000000117
   0.0000000007    0.0014109220    0.0000000138
   0.0000000129    0.0014109066   -0.0000000133
   0.0000000001    0.0014109263    0.0000000046
   0.0000000007    0.0014109318    0.0000000089
  -0.0000000001    0.0014109237   -0.0000000080
   0.0000000001    0.0014109218   -0.0000000061
   0.0000000002    0.0014109308   -0.0000000037
   0.0000000040    0.0014109401    0.0000000173
  -0.0000001150   -0.0014111417   -0.0000001767
   0.0000001661   -0.0014105031   -0.0000000811
  -0.0000000452   -0.0014108926   -0.0000000041
  -0.0000000352   -0.0014109051    0.0000000316
   0.0000000265   -0.0014108835   -0.0000000105
   0.0000000165   -0.0014108431    0.0000000209
  -0.0000000031   -0.0014108721    0.0000000339
   0.0000000517   -0.0014108582    0.0000001232
  -0.0000000358   -0.0014109038   -0.0000000290
  -0.0000002621   -0.0014112653    0.0000000616
   0.0000000061   -0.0014108569    0.0000000239
   0.0000000190   -0.0014108402    0.0000000553
   0.0000000046   -0.0014109278    0.0000000300
  -0.0000000003   -0.0014109433    0.0000000326
   0.0000000308   -0.0014109044   -0.0000000516
   0.0000003028   -0.0014109474   -0.0000000805
   0.0000000066   -0.0014434936    0.0000000194
   0.0000000026   -0.0014435080   -0.0000000074
   0.0000000006   -0.0014435154    0.0000000059
   0.0000000004   -0.0014435072    0.0000000094
   0.0000000002   -0.0014435123   -0.0000000061
   0.0000000002   -0.0014435021   -0.0000000037
   0.0000000026   -0.0014435300   -0.0000000069
   0.0000000012   -0.0014435131    0.0000000087
   0.0000000012   -0.0014435057   -0.0000000138
   0.0000000067   -0.0014434982   -0.0000000087
   0.0000000002   -0.0014435013   -0.0000000046
   0.0000000003   -0.0014435032   -0.0000000086
   0.0000000002   -0.0014435099    0.0000000011
   0.0000000003   -0.0014435060    0.0000000023
   0.0000000012   -0.0014435014    0.0000000040
   0.0000000067   -0.0014434886    0.0000000132
  -0.0000000109    0.0014435632   -0.0000000894
   0.0000001293    0.0014438313   -0.0000001182
  -0.0000000070    0.0014434795    0.0000000305
   0.0000000069    0.0014434195   -0.0000000495
  -0.0000000015    0.0014435040    0.0000000048
  -0.0000000025    0.0014435292   -0.0000000776
  -0.0000000110    0.0014434495    0.0000000232
   0.0000000324    0.0014432746    0.0000000977
  -0.0000000068    0.0014435092    0.0000000598
   0.0000000841    0.0014434278   -0.0000001222
  -0.0000000022    0.0014435111   -0.0000000547
  -0.0000000021    0.0014434989   -0.0000000732
  -0.0000000078    0.0014434612    0.0000000201
  -0.0000000002    0.0014434998   -0.0000000016
   0.0000000059    0.0014435027    0.0000000356
   0.0000002634    0.0014433160   -0.0000003912
   0.0000079741    0.0015405973   -0.0003007969
  -0.0000000432    0.0014151530   -0.0000024868
   0.0000000925    0.0014087474   -0.0000086908
  -0.0000000159    0.0014085234   -0.0000050934
   0.0000000889    0.0014145451   -0.0000136810
  -0.0000000161    0.0014160114   -0.0000115448
   0.0000088612    0.0016889894   -0.0004310921
  -0.0000000438    0.0014134780   -0.0000010248
  -0.0000026114    0.0013756183   -0.0000564281
   0.0000000101    0.0014080471   -0.0000029126
  -0.0000000246    0.0014191923   -0.0000104889
  -0.0000000016    0.0014194044   -0.0000140161
   0.0000002181    0.0014352114   -0.0000142544
   0.0000000040    0.0014152185   -0.0000011560
   0.0000084516    0.0014028315    0.0003500913
   0.0000002308    0.0013940837   -0.0000011716
  -0.0000000594   -0.0014112194   -0.0000003620
  -0.0000000070   -0.0014108909    0.0000000376
   0.0000000195   -0.0014109537    0.0000000660
   0.0000000049   -0.0014109371    0.0000000074
  -0.0000000286   -0.0014109342    0.0000000623
  -0.0000000150   -0.0014108835    0.0000000522
  -0.0000003425   -0.0014107398   -0.0000001225
  -0.0000000028   -0.0014109454    0.0000000063
   0.0000002046   -0.0014107195    0.0000002267
   0.0000000013   -0.0014109227   -0.0000000494
  -0.0000000097   -0.0014109117    0.0000000772
   0.0000000039   -0.0014109010    0.0000000999
  -0.0000000569   -0.0014109409    0.0000000106
  -0.0000000049   -0.0014109102    0.0000000054
   0.0000002168   -0.0014103228    0.0000000322
  -0.0000000477   -0.0014107483    0.0000001025
   0.0000256129   -0.0014788448   -0.0000340117
  -0.0000000248   -0.0014384119    0.0000072677
  -0.0000001888   -0.0014524111    0.0000008396
  -0.0000000143   -0.0014495555   -0.0000002313
  -0.0000007640   -0.0014648136    0.0000041519
  -0.0000000036   -0.0014512584    0.0000108539
  -0.0002346358   -0.0028185015   -0.0019925971
   0.0000003869   -0.0014399357    0.0000051040
   0.0000000769   -0.0014682283    0.0000147322
  -0.0000001354   -0.0014501944   -0.0000023219
   0.0000000075   -0.0014542021    0.0000089973
   0.0000000379   -0.0014510967    0.0000145293
   0.0000000817   -0.0014509540    0.0000296090
  -0.0000001355   -0.0014392738    0.0000069575
  -0.0002431510   -0.0030069877   -0.0007894507
  -0.0000001887   -0.0014398310   -0.0000043260
   0.0000000760    0.0014433578   -0.0000000673
   0.0000000088    0.0014435139   -0.0000000525
  -0.0000000009    0.0014434799   -0.0000000227
  -0.0000000023    0.0014434913    0.0000000204
   0.0000000040    0.0014435182   -0.0000000528
  -0.0000000030    0.0014434718   -0.0000000320
  -0.0000022120    0.0014433307    0.0000017695
   0.0000000528    0.0014433049    0.0000001238
  -0.0000000096    0.0014434782   -0.0000000067
  -0.0000000095    0.0014435275    0.0000000228
   0.0000000008    0.0014434875   -0.0000000536
  -0.0000000017    0.0014434503   -0.0000000769
  -0.0000000335    0.0014433617    0.0000001114
   0.0000000144    0.0014434338    0.0000000489
   0.0000002783    0.0014431845   -0.0000000895
   0.0000000589    0.0014433558   -0.0000001240
   0.0000000129    0.0014109146   -0.0000000091
   0.0000000002    0.0014109250   -0.0000000072
   0.0000000002    0.0014109225   -0.0000000081
  -0.0000000001    0.0014109223   -0.0000000084
   0.0000000002    0.0014109253    0.0000000027
  -0.0000000001    0.0014109305   -0.0000000020
   0.0000000129    0.0014109044    0.0000000120
   0.0000000002    0.0014109304    0.0000000012
   0.0000000040    0.0014109490    0.0000000157
   0.0000000002    0.0014109220   -0.0000000012
   0.0000000001    0.0014109380   -0.0000000027
  -0.0000000001    0.0014109268   -0.0000000041
   0.0000000007    0.0014109352    0.0000000167
   0.0000000001    0.0014109222    0.0000000084
   0.0000000129    0.0014109284   -0.0000000228
   0.0000000007    0.0014109254    0.0000000093
  -0.0000000228   -0.0014109695   -0.0000005537
   0.0000000077   -0.0014108825    0.0000000405
  -0.0000000114   -0.0014109402    0.0000000335
  -0.0000000012   -0.0014109264   -0.0000000060
   0.0000000367   -0.0014109207    0.0000000950
   0.0000000186   -0.0014108726    0.0000000656
   0.0000002538   -0.0014104880    0.0000000643
   0.0000000035   -0.0014109372    0.0000000035
  -0.0000001237   -0.0014107756    0.0000000522
   0.0000000103   -0.0014108907   -0.0000000708
   0.0000000108   -0.0014109035    0.0000000841
  -0.0000000014   -0.0014108991    0.0000000947
   0.0000000612   -0.0014108842    0.0000000419
   0.0000000039   -0.0014109002    0.0000000027
  -0.0000002921   -0.0014106306   -0.0000000466
   0.0000000564   -0.0014107396    0.0000001658
   0.0000000065   -0.0014435042    0.0000000194
   0.0000000003   -0.0014435091    0.0000000004
   0.0000000002   -0.0014435078   -0.0000000038
   0.0000000001   -0.0014435093   -0.0000000010
   0.0000000011   -0.0014434962    0.0000000126
   0.0000000002   -0.0014435047    0.0000000126
   0.0000000209   -0.0014435197   -0.0000000234
   0.0000000005   -0.0014435006    0.0000000042
   0.0000000025   -0.0014435136   -0.0000000061
   0.0000000003   -0.0014435060   -0.0000000011
   0.0000000001   -0.0014435044    0.0000000079
   0.0000000002   -0.0014435028    0.0000000112
   0.0000000025   -0.0014435134   -0.0000000146
   0.0000000003   -0.0014435008   -0.0000000042
   0.0000000211   -0.0014435262   -0.0000000009
   0.0000000007   -0.0014435008   -0.0000000120
  -0.0000000274    0.0014433946   -0.0000001213
  -0.0000000126    0.0014434883   -0.0000000503
   0.0000000013    0.0014434772    0.0000000038
   0.0000000021    0.0014434927    0.0000000299
   0.0000000053    0.0014434853   -0.0000000615
   0.0000000017    0.0014434763   -0.0000000548
  -0.0000034291    0.0014450000   -0.0000011126
  -0.0000000518    0.0014433064    0.0000001222
  -0.0000000067    0.0014435233    0.0000000883
   0.0000000093    0.0014435291    0.0000000243
   0.0000000022    0.0014434631   -0.0000000537
   0.0000000021    0.0014434475   -0.0000000771
   0.0000000172    0.0014434069    0.0000000166
  -0.0000000146    0.0014434354    0.0000000477
  -0.0000001020    0.0014432530   -0.0000000896
  -0.0000000790    0.0014432421   -0.0000001241
  -0.0000000224    0.0014023260   -0.0000042397
  -0.0000000491    0.0014297311    0.0000194385
  -0.0000000512    0.0014056574   -0.0000095677
  -0.0000000518    0.0014088491   -0.0000068091
  -0.0000000522    0.0014189201   -0.0000154886
  -0.0000000520    0.0014157258   -0.0000182586
  -0.0000000456    0.0014276303    0.0000212584
  -0.0000000540    0.0014000483   -0.0000023591
   0.0000000113    0.0014044998   -0.0000059656
  -0.0000026363    0.0014082138   -0.0000282461
  -0.0000000017    0.0014169376   -0.0000161531
  -0.0000000244    0.0014194511   -0.0000102569
   0.0000000040    0.0014187489    0.0000018753
   0.0000002172    0.0014352464   -0.0000142584
   0.0000002301    0.0014065843    0.0000095706
   0.0000088535    0.0008736350   -0.0001055827
   0.0000000344   -0.0014107884    0.0000001157
  -0.0000000196   -0.0014108776   -0.0000000117
   0.0000000229   -0.0014109415   -0.0000000004
   0.0000000136   -0.0014109399    0.0000000459
  -0.0000000348   -0.0014109007    0.0000000083
  -0.0000000397   -0.0014108695    0.0000000837
  -0.0000000119   -0.0014109678   -0.0000000589
  -0.0000000183   -0.0014108286    0.0000000451
   0.0000000251   -0.0014108657   -0.0000000159
   0.0000001186   -0.0014110276   -0.0000000281
   0.0000000020   -0.0014108839    0.0000000794
  -0.0000000061   -0.0014108924    0.0000000902
  -0.0000000121   -0.0014109110   -0.0000000078
  -0.0000000461   -0.0014109193    0.0000000335
   0.0000000293   -0.0014107805    0.0000000334
  -0.0000003445   -0.0014111818    0.0000001875
   0.0000004214   -0.0014155842    0.0000164740
  -0.0000009823   -0.0014423600   -0.0000001541
  -0.0000000078   -0.0014522723    0.0000006756
  -0.0000001077   -0.0014520398    0.0000000209
  -0.0000001024   -0.0014661639    0.0000076700
   0.0000004170   -0.0014471702    0.0000210534
   0.0000257866   -0.0013704144   -0.0000052278
   0.0000002998   -0.0014210572    0.0000123696
   0.0000000890   -0.0014457134    0.0000004138
  -0.0000036119   -0.0014644358    0.0000089227
   0.0000000026   -0.0014543942    0.0000128316
   0.0000000450   -0.0014539029    0.0000091192
   0.0000000883   -0.0014411368    0.0000042598
  -0.0000036018   -0.0014177232    0.0000491412
  -0.0000031784   -0.0014129494    0.0000022512
  -0.0000176446   -0.0013657052   -0.0001751930
   0.0000000236    0.0014435243    0.0000000094
   0.0000000105    0.0014435454   -0.0000000742
  -0.0000000017    0.0014434841    0.0000000286
  -0.0000000017    0.0014434611   -0.0000000112
  -0.0000000128    0.0014434437    0.0000000469
  -0.0000000060    0.0014434665   -0.0000000658
   0.0000000506    0.0014433695    0.0000002013
   0.0000001053    0.0014428221    0.0000000303
  -0.0000000049    0.0014435017    0.0000000122
   0.0000000178    0.0014433505   -0.0000000405
  -0.0000000021    0.0014434555   -0.0000000578
  -0.0000000001    0.0014434679   -0.0000000699
   0.0000000125    0.0014434463    0.0000000728
  -0.0000000044    0.0014436192   -0.0000000488
   0.0000000532    0.0014433341   -0.0000000571
  -0.0000012885    0.0014446484    0.0000005288
   0.0000000027    0.0014109341    0.0000000083
   0.0000000027    0.0014109158   -0.0000000078
  -0.0000000000    0.0014109245   -0.0000000089
  -0.0000000000    0.0014109268   -0.0000000067
  -0.0000000000    0.0014109326    0.0000000012
  -0.0000000000    0.0014109303   -0.0000000006
   0.0000000027    0.0014109388   -0.0000000151
   0.0000000027    0.0014109570    0.0000000005
   0.0000000002    0.0014109275    0.0000000012
   0.0000000040    0.0014109309    0.0000000084
  -0.0000000001    0.0014109301   -0.0000000049
   0.0000000001    0.0014109301   -0.0000000018
   0.0000000001    0.0014109257    0.0000000084
   0.0000000007    0.0014109191    0.0000000108
   0.0000000007    0.0014109234    0.0000000060
   0.0000000129    0.0014109408   -0.0000000034
  -0.0000000269   -0.0014108000    0.0000000843
   0.0000000273   -0.0014108418   -0.0000000109
  -0.0000000160   -0.0014109267   -0.0000000397
  -0.0000000062   -0.0014109138    0.0000000100
   0.0000000418   -0.0014108859    0.0000000475
   0.0000000471   -0.0014108431    0.0000001199
   0.0000000193   -0.0014109798   -0.0000000275
   0.0000000261   -0.0014107929    0.0000000445
  -0.0000000141   -0.0014108611   -0.0000000463
  -0.0000000184   -0.0014108838   -0.0000002452
   0.0000000000   -0.0014108819    0.0000000763
   0.0000000072   -0.0014108878    0.0000000952
   0.0000000109   -0.0014108968   -0.0000000046
   0.0000000513   -0.0014108680    0.0000000555
  -0.0000000188   -0.0014108315    0.0000000450
   0.0000002627   -0.0014111196    0.0000005447
   0.0000000026   -0.0014435218   -0.0000000036
   0.0000000012   -0.0014435116    0.0000000067
   0.0000000002   -0.0014435175   -0.0000000018
   0.0000000002   -0.0014435097   -0.0000000019
   0.0000000006   -0.0014435173    0.0000000088
   0.0000000004   -0.0014435050    0.0000000159
   0.0000000066   -0.0014435087    0.0000000061
   0.0000000026   -0.0014435090   -0.0000000057
   0.0000000005   -0.0014435086   -0.0000000023
   0.0000000018   -0.0014435095    0.0000000056
   0.0000000001   -0.0014435035    0.0000000100
   0.0000000001   -0.0014435030    0.0000000083
   0.0000000005   -0.0014435054   -0.0000000067
   0.0000000018   -0.0014434924    0.0000000139
   0.0000000018   -0.0014434899   -0.0000000054
   0.0000000113   -0.0014434883   -0.0000000482
  -0.0000000216    0.0014435113    0.0000000067
   0.0000000028    0.0014434672   -0.0000000948
   0.0000000000    0.0014434854    0.0000000611
   0.0000000025    0.0014434634    0.0000000103
   0.0000000068    0.0014434424   -0.0000000022
   0.0000000130    0.0014434507   -0.0000001093
  -0.0000000306    0.0014433927    0.0000001318
  -0.0000000611    0.0014428179    0.0000001184
   0.0000000057    0.0014435097    0.0000000332
  -0.0000000016    0.0014433927    0.0000000084
  -0.0000000024    0.0014434615   -0.0000000578
   0.0000000036    0.0014434479   -0.0000000700
  -0.0000000117    0.0014434544    0.0000000519
   0.0000000208    0.0014436618   -0.0000000978
  -0.0000000489    0.0014433501   -0.0000000571
  -0.0000044392    0.0014412215    0.0000005339

33   
  0.0045801749592508   0.0058194991445740   0.0067197787946446
   0.0002396205    0.0018916177    0.0011968219
  -0.0000003869    0.0014125541   -0.0000006025
  -0.0000256047    0.0013574189   -0.0000426536
   0.0000000231    0.0014129068   -0.0000011732
   0.0000001876    0.0014094958   -0.0000097484
   0.0000000142    0.0014089727   -0.0000066646
   0.0000007598    0.0014202599   -0.0000144760
   0.0000000034    0.0014180417   -0.0000113968
   0.0000176453    0.0013331357    0.0001751947
   0.0000031785    0.0013803656   -0.0000022516
   0.0000036015    0.0013852358   -0.0000492094
  -0.0000000883    0.0014086181   -0.0000043146
  -0.0000000450    0.0014213333   -0.0000091197
  -0.0000000026    0.0014218117   -0.0000128321
   0.0000036120    0.0014317861   -0.0000088538
  -0.0000000890    0.0014130676   -0.0000003589
   0.0000017537   -0.0014110714   -0.0000011874
  -0.0000000008   -0.0014109404    0.0000000356
  -0.0000000400   -0.0014111806    0.0000003886
  -0.0000000127   -0.0014108827    0.0000000163
   0.0000000177   -0.0014109407    0.0000000558
   0.0000000080   -0.0014109340    0.0000000125
  -0.0000000319   -0.0014108791    0.0000000226
  -0.0000000133   -0.0014108746    0.0000000383
  -0.0000000443   -0.0014107801    0.0000000900
  -0.0000000621   -0.0014107832    0.0000001234
   0.0000001073   -0.0014108254   -0.0000001066
   0.0000000023   -0.0014108955   -0.0000000636
  -0.0000000170   -0.0014108861    0.0000000537
  -0.0000000021   -0.0014108781    0.0000000772
  -0.0000000330   -0.0014108615    0.0000000017
   0.0000000002   -0.0014109332   -0.0000000076
  -0.0006178402   -0.0054093225   -0.0046216378
   0.0000001193   -0.0014398426    0.0000045418
   0.0000003516   -0.0014556098    0.0000033733
  -0.0000000023   -0.0014398380    0.0000045645
  -0.0000000190   -0.0014543483    0.0000020641
  -0.0000000069   -0.0014511107    0.0000007032
   0.0000003345   -0.0014705625    0.0000162348
  -0.0000000013   -0.0014496350    0.0000130042
  -0.0000089168   -0.0009069208    0.0001056839
  -0.0000002351   -0.0014391551   -0.0000095212
  -0.0000002170   -0.0014677874    0.0000142813
  -0.0000000027   -0.0014513947   -0.0000018341
   0.0000000223   -0.0014520159    0.0000102258
   0.0000000002   -0.0014495091    0.0000160713
   0.0000025619   -0.0014408167    0.0000281347
  -0.0000000238   -0.0014370198    0.0000058855
   0.0000041536    0.0014453447   -0.0000004947
   0.0000000820    0.0014432895    0.0000001051
  -0.0000000697    0.0014435239   -0.0000000876
   0.0000000090    0.0014435011   -0.0000000263
  -0.0000000016    0.0014434666   -0.0000000254
  -0.0000000042    0.0014434695    0.0000000260
   0.0000000092    0.0014434872   -0.0000000745
   0.0000000004    0.0014434833   -0.0000000558
   0.0000000273    0.0014432947   -0.0000000241
   0.0000000778    0.0014434970    0.0000000009
  -0.0000000139    0.0014434733   -0.0000000061
  -0.0000000129    0.0014434801    0.0000000332
   0.0000000001    0.0014434834   -0.0000000595
  -0.0000000025    0.0014434642   -0.0000000984
  -0.0000000189    0.0014434561    0.0000001841
   0.0000000190    0.0014433925    0.0000000159
  -0.0000000209    0.0014109132    0.0000000005
  -0.0000000005    0.0014109237   -0.0000000017
  -0.0000000065    0.0014109283   -0.0000000186
  -0.0000000003    0.0014109290   -0.0000000024
  -0.0000000003    0.0014109214    0.0000000072
  -0.0000000001    0.0014109233    0.0000000050
  -0.0000000011    0.0014109265   -0.0000000018
  -0.0000000002    0.0014109271   -0.0000000096
  -0.0000000113    0.0014109186    0.0000000483
  -0.0000000018    0.0014109075    0.0000000055
  -0.0000000018    0.0014109220   -0.0000000133
  -0.0000000005    0.0014109225    0.0000000071
  -0.0000000001    0.0014109334   -0.0000000084
  -0.0000000001    0.0014109212   -0.0000000101
  -0.0000000018    0.0014109405   -0.0000000062
  -0.0000000005    0.0014109266    0.0000000019
   0.0000038527   -0.0014122724    0.0000006768
  -0.0000000002   -0.0014109065    0.0000000773
  -0.0000000086   -0.0014111433    0.0000004272
   0.0000000164   -0.0014108639    0.0000000145
  -0.0000000180   -0.0014109392    0.0000000531
  -0.0000000077   -0.0014109351    0.0000000108
   0.0000000228   -0.0014108777    0.0000000205
   0.0000000146   -0.0014108760    0.0000000364
  -0.0000001329   -0.0014104795    0.0000000896
   0.0000000820   -0.0014106752    0.0000001234
  -0.0000000907   -0.0014108468   -0.0000000900
  -0.0000000020   -0.0014108916   -0.0000000795
   0.0000000140   -0.0014108873    0.0000000538
   0.0000000017   -0.0014108809    0.0000000773
   0.0000000491   -0.0014108823   -0.0000000143
   0.0000000001   -0.0014109292    0.0000000087
  -0.0000000244   -0.0014434578    0.0000000625
  -0.0000000003   -0.0014435059    0.0000000020
  -0.0000000028   -0.0014434888   -0.0000000188
  -0.0000000000   -0.0014435046    0.0000000094
  -0.0000000001   -0.0014435020   -0.0000000095
   0.0000000001   -0.0014435031   -0.0000000070
  -0.0000000028   -0.0014435148   -0.0000000045
  -0.0000000000   -0.0014435078    0.0000000044
  -0.0000000136   -0.0014435314    0.0000000035
  -0.0000000008   -0.0014434993   -0.0000000060
  -0.0000000008   -0.0014434983   -0.0000000118
  -0.0000000001   -0.0014435011   -0.0000000090
  -0.0000000001   -0.0014435095    0.0000000013
   0.0000000000   -0.0014435062    0.0000000053
  -0.0000000045   -0.0014435115   -0.0000000090
  -0.0000000003   -0.0014435043   -0.0000000014
   0.0000012187    0.0014430443   -0.0000004895
  -0.0000000792    0.0014431631    0.0000001049
   0.0000000563    0.0014435615   -0.0000000339
  -0.0000000093    0.0014434938   -0.0000000323
   0.0000000022    0.0014434696   -0.0000000255
   0.0000000049    0.0014434763    0.0000000257
  -0.0000000224    0.0014435240   -0.0000001277
  -0.0000000006    0.0014434757   -0.0000000499
  -0.0000000475    0.0014433436   -0.0000001183
  -0.0000000913    0.0014433891   -0.0000000205
   0.0000000115    0.0014434821    0.0000000034
   0.0000000150    0.0014434944    0.0000000395
  -0.0000000001    0.0014434839   -0.0000000601
   0.0000000028    0.0014434660   -0.0000000966
   0.0000000044    0.0014434607    0.0000001953
  -0.0000000183    0.0014433860   -0.0000000039
  -0.0000003003    0.0014235745    0.0000177986
  -0.0000257381    0.0013906666    0.0000511545
   0.0000009761    0.0014092977   -0.0000002775
  -0.0000004270    0.0014220574    0.0000172179
   0.0000001074    0.0014063522   -0.0000113309
   0.0000000077    0.0014097798   -0.0000092053
  -0.0000004188    0.0014213747   -0.0000151631
   0.0000001014    0.0014197527   -0.0000196059
   0.0000001888    0.0014072549    0.0000043261
   0.0002431592    0.0029744162    0.0007894526
   0.0000001354    0.0014067725   -0.0000070214
  -0.0000000819    0.0014183741   -0.0000296073
  -0.0000000380    0.0014185205   -0.0000145301
  -0.0000000075    0.0014216228   -0.0000089977
   0.0000001355    0.0014175444    0.0000023861
  -0.0000000768    0.0014356503   -0.0000147333
  -0.0000000468   -0.0014110885    0.0000000465
   0.0000000400   -0.0014108236    0.0000003749
  -0.0000000113   -0.0014109247   -0.0000000467
  -0.0000000714   -0.0014107244   -0.0000000957
   0.0000000257   -0.0014109325   -0.0000000192
   0.0000000169   -0.0014109491    0.0000000686
  -0.0000000340   -0.0014108975    0.0000000077
  -0.0000000455   -0.0014108479    0.0000000688
   0.0000000081   -0.0014108031    0.0000000571
   0.0000006751   -0.0014115925   -0.0000005313
   0.0000000202   -0.0014108741   -0.0000000558
   0.0000000550   -0.0014109541    0.0000001580
   0.0000000060   -0.0014108790    0.0000000574
  -0.0000000145   -0.0014108768    0.0000000697
  -0.0000000107   -0.0014109291   -0.0000000286
  -0.0000000172   -0.0014108972   -0.0000000680
   0.0000024835   -0.0014038886    0.0000111068
   0.0000024747   -0.0014038737    0.0000110289
  -0.0000002039   -0.0014226355    0.0000079907
  -0.0000002048   -0.0014403394   -0.0000072508
  -0.0000000185   -0.0014542755    0.0000016010
  -0.0000000185   -0.0014542619    0.0000015953
  -0.0000002044   -0.0014625991    0.0000119421
  -0.0000002008   -0.0014449436    0.0000271960
  -0.0000002359   -0.0014267682    0.0000011293
  -0.0000085132   -0.0014354301   -0.0003494085
  -0.0000000026   -0.0014478839    0.0000011858
  -0.0000002178   -0.0014678042    0.0000142244
   0.0000000000   -0.0014519641    0.0000139503
   0.0000000226   -0.0014517477    0.0000104576
  -0.0000000226   -0.0014405735    0.0000028325
   0.0000025371   -0.0014081085    0.0000564040
   0.0000000517    0.0014433300    0.0000001371
   0.0000003061    0.0014435839    0.0000003520
   0.0000000119    0.0014434538    0.0000000138
   0.0000000001    0.0014435200   -0.0000000795
  -0.0000000010    0.0014434702    0.0000000448
  -0.0000000020    0.0014434575   -0.0000000261
  -0.0000000075    0.0014434809    0.0000000162
   0.0000000037    0.0014434434   -0.0000001513
   0.0000000420    0.0014433695   -0.0000000395
   0.0000031005    0.0014419480    0.0000007149
  -0.0000000088    0.0014434953    0.0000000308
  -0.0000000084    0.0014434710   -0.0000000933
  -0.0000000005    0.0014434732   -0.0000000665
   0.0000000004    0.0014434829   -0.0000000854
   0.0000000134    0.0014434726    0.0000000787
   0.0000000723    0.0014434989   -0.0000000855
  -0.0000000026    0.0014109296    0.0000000067
  -0.0000000066    0.0014109040   -0.0000000187
  -0.0000000012    0.0014109336   -0.0000000084
  -0.0000000026    0.0014109407    0.0000000073
  -0.0000000002    0.0014109224    0.0000000041
  -0.0000000002    0.0014109232    0.0000000062
  -0.0000000004    0.0014109287   -0.0000000101
  -0.0000000006    0.0014109273   -0.0000000065
  -0.0000000008    0.0014109248    0.0000000121
  -0.0000000211    0.0014109469    0.0000000009
  -0.0000000003    0.0014109241    0.0000000049
  -0.0000000025    0.0014109344    0.0000000144
  -0.0000000002    0.0014109267   -0.0000000113
  -0.0000000002    0.0014109250   -0.0000000080
  -0.0000000003    0.0014109306    0.0000000003
  -0.0000000025    0.0014109340    0.0000000062
   0.0000000264   -0.0014110393    0.0000000603
  -0.0000000841   -0.0014108428    0.0000005024
   0.0000000092   -0.0014108973   -0.0000000394
   0.0000000579   -0.0014107420   -0.0000000754
  -0.0000000240   -0.0014109327   -0.0000000200
  -0.0000000176   -0.0014109484    0.0000000654
   0.0000000401   -0.0014109020   -0.0000000018
   0.0000000388   -0.0014108578    0.0000000649
  -0.0000000126   -0.0014107224    0.0000000571
   0.0000049850   -0.0014091449   -0.0000005252
  -0.0000000210   -0.0014108689   -0.0000000672
  -0.0000000712   -0.0014109565    0.0000001733
  -0.0000000015   -0.0014108787    0.0000000574
   0.0000000111   -0.0014108797    0.0000000698
   0.0000000099   -0.0014109236   -0.0000000166
   0.0000000011   -0.0014108992   -0.0000000828
  -0.0000000045   -0.0014435261    0.0000000012
  -0.0000000045   -0.0014435166    0.0000000006
  -0.0000000008   -0.0014435162    0.0000000117
  -0.0000000008   -0.0014435094    0.0000000094
   0.0000000000   -0.0014435150   -0.0000000085
   0.0000000000   -0.0014435054   -0.0000000081
  -0.0000000008   -0.0014435213    0.0000000027
  -0.0000000008   -0.0014435089    0.0000000052
  -0.0000000008   -0.0014435073   -0.0000000091
  -0.0000000136   -0.0014435028    0.0000000285
  -0.0000000001   -0.0014435039   -0.0000000091
  -0.0000000008   -0.0014435045   -0.0000000175
   0.0000000000   -0.0014435093    0.0000000044
  -0.0000000001   -0.0014435076    0.0000000024
  -0.0000000003   -0.0014435047    0.0000000013
  -0.0000000045   -0.0014435184   -0.0000000150
  -0.0000000387    0.0014432583    0.0000001364
  -0.0000004056    0.0014430260    0.0000003523
  -0.0000000127    0.0014434500    0.0000000004
   0.0000000060    0.0014435218   -0.0000000772
   0.0000000002    0.0014434710    0.0000000445
   0.0000000028    0.0014434612   -0.0000000262
   0.0000000068    0.0014434767    0.0000000296
   0.0000000022    0.0014434450   -0.0000001542
  -0.0000000385    0.0014433327   -0.0000000625
   0.0000017234    0.0014429946   -0.0000011088
   0.0000000086    0.0014434981    0.0000000400
   0.0000000097    0.0014434719   -0.0000000818
  -0.0000000002    0.0014434738   -0.0000000669
  -0.0000000003    0.0014434824   -0.0000000855
  -0.0000000135    0.0014434562    0.0000000741
  -0.0000000978    0.0014434634   -0.0000001709
   0.0002346246    0.0027861578    0.0019924029
  -0.0000003868    0.0014074143   -0.0000051544
   0.0000007640    0.0014322398   -0.0000041565
   0.0000000036    0.0014187439   -0.0000109100
   0.0000001889    0.0014198270   -0.0000008352
   0.0000000143    0.0014169444    0.0000002590
  -0.0000256126    0.0014463002    0.0000339812
   0.0000000248    0.0014057900   -0.0000072316
  -0.0000263774    0.0014166015   -0.0000988378
   0.0000013515    0.0014243559   -0.0000010337
  -0.0000003767    0.0014142889   -0.0000000416
  -0.0000000167    0.0014189932    0.0000012503
  -0.0000003771    0.0014092507   -0.0000043582
  -0.0000000167    0.0014061306   -0.0000097871
  -0.0000264475    0.0014726006   -0.0000498476
   0.0000013440    0.0014129797   -0.0000106238
   0.0000060343   -0.0014100378    0.0000014199
   0.0000000022   -0.0014107924   -0.0000001524
  -0.0000000192   -0.0014109402    0.0000000411
   0.0000000202   -0.0014109031    0.0000000265
  -0.0000000214   -0.0014109018    0.0000000065
  -0.0000000059   -0.0014108888   -0.0000000140
   0.0000000390   -0.0014107766    0.0000001466
  -0.0000000160   -0.0014109116    0.0000000585
  -0.0000000021   -0.0014104370   -0.0000002984
   0.0000000344   -0.0014109832   -0.0000000467
  -0.0000000162   -0.0014108997    0.0000000042
  -0.0000000167   -0.0014108633   -0.0000000138
   0.0000000017   -0.0014109257    0.0000000487
  -0.0000000052   -0.0014109546    0.0000000718
  -0.0000001171   -0.0014110580    0.0000000560
  -0.0000000188   -0.0014109225    0.0000000096
  -0.0000088960   -0.0017211866    0.0004308932
   0.0000000440   -0.0014461445    0.0000010530
  -0.0000001007   -0.0014471285    0.0000136635
   0.0000000123   -0.0014486377    0.0000115369
  -0.0000001042   -0.0014413233    0.0000086682
   0.0000000122   -0.0014410892    0.0000050343
  -0.0000080079   -0.0015730494    0.0003008191
   0.0000000434   -0.0014476865    0.0000023994
   0.0000025527   -0.0014204284    0.0000672240
  -0.0000000233   -0.0014458554    0.0000073935
   0.0000000221   -0.0014425364    0.0000025249
  -0.0000000001   -0.0014416548    0.0000050657
  -0.0000002162   -0.0014502305   -0.0000009496
  -0.0000000030   -0.0014503112    0.0000032842
  -0.0000087317   -0.0015888085   -0.0002178145
  -0.0000002335   -0.0014443730    0.0000162926
  -0.0000003804    0.0014435762   -0.0000000074
  -0.0000000213    0.0014435838    0.0000000502
  -0.0000000060    0.0014434858   -0.0000000823
   0.0000000009    0.0014434745   -0.0000000325
   0.0000000037    0.0014435260   -0.0000000283
   0.0000000004    0.0014435089    0.0000000098
   0.0000000381    0.0014436796    0.0000003797
   0.0000000085    0.0014434537   -0.0000000297
  -0.0000000025    0.0014434851    0.0000002169
  -0.0000000105    0.0014434551    0.0000000475
  -0.0000000008    0.0014435158   -0.0000000224
   0.0000000004    0.0014435220   -0.0000000367
   0.0000000003    0.0014434571   -0.0000000078
  -0.0000000033    0.0014434216   -0.0000000080
  -0.0000001097    0.0014433970   -0.0000000286
   0.0000000463    0.0014434636   -0.0000000484
  -0.0000000210    0.0014109402    0.0000000237
  -0.0000000005    0.0014109210   -0.0000000037
  -0.0000000011    0.0014109169   -0.0000000125
  -0.0000000002    0.0014109247   -0.0000000119
  -0.0000000003    0.0014109287    0.0000000035
  -0.0000000001    0.0014109305    0.0000000004
  -0.0000000065    0.0014109255   -0.0000000199
  -0.0000000003    0.0014109300   -0.0000000006
  -0.0000000068    0.0014109185   -0.0000000127
  -0.0000000012    0.0014109181   -0.0000000032
  -0.0000000003    0.0014109365   -0.0000000025
  -0.0000000002    0.0014109277   -0.0000000012
  -0.0000000003    0.0014109334    0.0000000086
  -0.0000000002    0.0014109189    0.0000000045
  -0.0000000067    0.0014109289    0.0000000084
  -0.0000000012    0.0014109242    0.0000000132
  -0.0000003532   -0.0014112554   -0.0000004572
  -0.0000000031   -0.0014107586   -0.0000001939
   0.0000000099   -0.0014109389    0.0000000434
  -0.0000000189   -0.0014109046    0.0000000286
   0.0000000210   -0.0014109002    0.0000000095
   0.0000000061   -0.0014108899   -0.0000000118
  -0.0000000877   -0.0014107395    0.0000001078
   0.0000000198   -0.0014108922    0.0000000605
  -0.0000000295   -0.0014104386   -0.0000001494
  -0.0000000399   -0.0014110011   -0.0000000602
   0.0000000150   -0.0014109005    0.0000000053
   0.0000000175   -0.0014108614   -0.0000000134
  -0.0000000028   -0.0014109263    0.0000000477
   0.0000000061   -0.0014109522    0.0000000718
   0.0000000850   -0.0014110592   -0.0000000920
   0.0000000135   -0.0014109400    0.0000000229
  -0.0000000136   -0.0014434797   -0.0000000222
  -0.0000000001   -0.0014435086   -0.0000000016
  -0.0000000004   -0.0014435042   -0.0000000038
   0.0000000000   -0.0014435091    0.0000000016
  -0.0000000004   -0.0014435017    0.0000000072
   0.0000000000   -0.0014435017    0.0000000086
  -0.0000000136   -0.0014434970    0.0000000050
  -0.0000000001   -0.0014435042    0.0000000076
  -0.0000000045   -0.0014435189   -0.0000000166
  -0.0000000003   -0.0014435061    0.0000000029
  -0.0000000001   -0.0014435008    0.0000000056
   0.0000000000   -0.0014434996    0.0000000082
  -0.0000000008   -0.0014435111   -0.0000000095
  -0.0000000001   -0.0014435023   -0.0000000048
  -0.0000000136   -0.0014434838    0.0000000130
  -0.0000000008   -0.0014434993   -0.0000000123
   0.0000002519    0.0014437445    0.0000002775
   0.0000000212    0.0014435939    0.0000000703
   0.0000000065    0.0014434881   -0.0000000758
  -0.0000000006    0.0014434739   -0.0000000331
  -0.0000000033    0.0014435281   -0.0000000350
  -0.0000000001    0.0014435079    0.0000000101
  -0.0000001672    0.0014438473    0.0000000955
  -0.0000000086    0.0014434633   -0.0000000501
  -0.0000000122    0.0014434903    0.0000002052
   0.0000000113    0.0014434495    0.0000000673
   0.0000000007    0.0014435164   -0.0000000219
  -0.0000000001    0.0014435238   -0.0000000388
  -0.0000000026    0.0014434658   -0.0000000175
   0.0000000053    0.0014434355   -0.0000000148
   0.0000000894    0.0014434452    0.0000000651
  -0.0000000598    0.0014433561   -0.0000000270
  -0.0000002999    0.0013886621   -0.0000125274
  -0.0000257867    0.0013379084    0.0000051524
  -0.0000004171    0.0014146391   -0.0000210956
   0.0000001023    0.0014336449   -0.0000077303
   0.0000001078    0.0014194312    0.0000000048
   0.0000000079    0.0014196701   -0.0000006639
   0.0000009823    0.0014097328    0.0000001950
  -0.0000004214    0.0013828672   -0.0000163639
  -0.0000000893    0.0014130782   -0.0000103779
   0.0000161772    0.0016447724    0.0000678043
  -0.0000000145    0.0014157809   -0.0000017640
  -0.0000001323    0.0014139560   -0.0000002806
  -0.0000000144    0.0014087384   -0.0000078194
  -0.0000001325    0.0014089166   -0.0000046002
  -0.0000000895    0.0014154269   -0.0000081639
   0.0000161388    0.0014037839   -0.0001399073
   0.0000000562   -0.0014107541   -0.0000000880
  -0.0000000885   -0.0014106529   -0.0000003747
   0.0000000384   -0.0014108816   -0.0000000358
   0.0000000182   -0.0014108700    0.0000000894
  -0.0000000222   -0.0014109163   -0.0000000466
  -0.0000000147   -0.0014108838   -0.0000000017
  -0.0000000072   -0.0014109372    0.0000000162
  -0.0000000415   -0.0014109206    0.0000000930
   0.0000000233   -0.0014109307   -0.0000000610
  -0.0000000493   -0.0014108568    0.0000001403
  -0.0000000070   -0.0014108803   -0.0000000087
  -0.0000000166   -0.0014108999    0.0000000305
  -0.0000000001   -0.0014109465    0.0000000433
   0.0000000041   -0.0014109515    0.0000000438
  -0.0000000262   -0.0014109260   -0.0000000341
  -0.0000001693   -0.0014106270    0.0000003720
   0.0000000661   -0.0014328891    0.0000024329
   0.0000000577   -0.0014603449   -0.0000210845
   0.0000000444   -0.0014483447    0.0000182548
   0.0000000447   -0.0014515397    0.0000154752
   0.0000000444   -0.0014414297    0.0000067549
   0.0000000437   -0.0014382173    0.0000095227
   0.0000000611   -0.0014621721   -0.0000195104
   0.0000000344   -0.0014348728    0.0000040677
  -0.0000000221   -0.0014423184    0.0000104561
   0.0000025683   -0.0014531481    0.0000387950
  -0.0000000001   -0.0014391937    0.0000071824
   0.0000000219   -0.0014428076    0.0000022919
  -0.0000000028   -0.0014538192    0.0000002608
  -0.0000002147   -0.0014501931   -0.0000009215
  -0.0000002356   -0.0014567278    0.0000056398
  -0.0000077962   -0.0010654036    0.0002356506
  -0.0000000205    0.0014434574   -0.0000000283
  -0.0000001179    0.0014434805   -0.0000000467
   0.0000000045    0.0014434836    0.0000000132
  -0.0000000003    0.0014434619   -0.0000001098
   0.0000000009    0.0014435154    0.0000000516
   0.0000000046    0.0014435318   -0.0000000331
   0.0000000083    0.0014434736    0.0000000182
   0.0000000365    0.0014433136   -0.0000000737
   0.0000000068    0.0014434830    0.0000000805
  -0.0000000521    0.0014434175   -0.0000002440
  -0.0000000010    0.0014435151   -0.0000000206
   0.0000000004    0.0014435231   -0.0000000406
   0.0000000050    0.0014434649    0.0000000159
   0.0000000086    0.0014434858   -0.0000000668
   0.0000000084    0.0014434822    0.0000000362
   0.0000004028    0.0014433675    0.0000001147
  -0.0000000026    0.0014109289    0.0000000066
  -0.0000000066    0.0014109207   -0.0000000067
  -0.0000000004    0.0014109250   -0.0000000152
  -0.0000000006    0.0014109278   -0.0000000083
  -0.0000000002    0.0014109309    0.0000000013
  -0.0000000002    0.0014109289    0.0000000014
  -0.0000000012    0.0014109326   -0.0000000069
  -0.0000000026    0.0014109334    0.0000000032
  -0.0000000006    0.0014109272    0.0000000008
  -0.0000000110    0.0014109772    0.0000000175
  -0.0000000002    0.0014109308   -0.0000000041
  -0.0000000005    0.0014109302    0.0000000010
  -0.0000000002    0.0014109255    0.0000000044
  -0.0000000005    0.0014109239    0.0000000088
  -0.0000000006    0.0014109267    0.0000000106
  -0.0000000109    0.0014109211   -0.0000000184
  -0.0000000764   -0.0014107055   -0.0000001010
   0.0000000443   -0.0014106720   -0.0000005033
  -0.0000000323   -0.0014108863   -0.0000000260
  -0.0000000251   -0.0014108802    0.0000000936
   0.0000000239   -0.0014109164   -0.0000000454
   0.0000000139   -0.0014108831    0.0000000018
   0.0000000052   -0.0014109094    0.0000000090
   0.0000000285   -0.0014109371    0.0000000737
  -0.0000000214   -0.0014109315   -0.0000000520
  -0.0000001484   -0.0014109761    0.0000002625
   0.0000000090   -0.0014108742   -0.0000000124
   0.0000000162   -0.0014108978    0.0000000319
   0.0000000022   -0.0014109400    0.0000000473
  -0.0000000044   -0.0014109494    0.0000000425
   0.0000000281   -0.0014109267   -0.0000000428
  -0.0000000264   -0.0014107445    0.0000002504
  -0.0000000027   -0.0014435436   -0.0000000000
  -0.0000000027   -0.0014435169    0.0000000147
  -0.0000000001   -0.0014435187    0.0000000001
  -0.0000000001   -0.0014435113   -0.0000000016
  -0.0000000001   -0.0014435154    0.0000000065
  -0.0000000001   -0.0014435037    0.0000000086
  -0.0000000027   -0.0014435044    0.0000000081
  -0.0000000027   -0.0014435120   -0.0000000070
  -0.0000000003   -0.0014435126    0.0000000005
  -0.0000000045   -0.0014435119   -0.0000000104
   0.0000000000   -0.0014435017    0.0000000082
  -0.0000000001   -0.0014435014    0.0000000046
  -0.0000000001   -0.0014435054   -0.0000000053
  -0.0000000008   -0.0014435042   -0.0000000039
  -0.0000000008   -0.0014434989   -0.0000000081
  -0.0000000135   -0.0014435130   -0.0000000122
   0.0000000207    0.0014434672   -0.0000000087
   0.0000000953    0.0014435272    0.0000000579
  -0.0000000056    0.0014434785    0.0000000104
   0.0000000024    0.0014434603   -0.0000001066
  -0.0000000019    0.0014435101    0.0000000540
  -0.0000000026    0.0014435301   -0.0000000366
  -0.0000000082    0.0014434833   -0.0000000016
  -0.0000000592    0.0014433580   -0.0000001785
  -0.0000000069    0.0014434672    0.0000000845
   0.0000000269    0.0014433818   -0.0000001593
   0.0000000003    0.0014435157   -0.0000000203
  -0.0000000002    0.0014435226   -0.0000000407
  -0.0000000051    0.0014434676    0.0000000063
  -0.0000000073    0.0014434867   -0.0000000785
  -0.0000000049    0.0014434453    0.0000000591
   0.0000043593    0.0014443983    0.0000019239

33   
 -0.0045801749592508  -0.0058194991445740  -0.0067197787946446
  -0.0002371521    0.0009364878   -0.0012019932
   0.0000003849    0.0014093212    0.0000005602
   0.0000256811    0.0014637510    0.0000420134
  -0.0000000238    0.0014089606    0.0000011363
  -0.0000001885    0.0014123029    0.0000096929
  -0.0000000143    0.0014128347    0.0000066297
  -0.0000007738    0.0014015264    0.0000143630
  -0.0000000042    0.0014037979    0.0000112747
  -0.0000175995    0.0014889152   -0.0001729739
  -0.0000031657    0.0014415297    0.0000022510
  -0.0000036175    0.0014362600    0.0000486480
   0.0000000889    0.0014132157    0.0000042761
   0.0000000439    0.0014005332    0.0000090160
   0.0000000023    0.0014000290    0.0000126910
  -0.0000036074    0.0013902873    0.0000085953
   0.0000000882    0.0014088025    0.0000003356
  -0.0000017546   -0.0014107783    0.0000011706
   0.0000000008   -0.0014109083   -0.0000000473
   0.0000000413   -0.0014106756   -0.0000003907
   0.0000000126   -0.0014109743   -0.0000000176
  -0.0000000174   -0.0014109068   -0.0000000443
  -0.0000000079   -0.0014109140   -0.0000000008
   0.0000000318   -0.0014109685   -0.0000000349
   0.0000000131   -0.0014109726   -0.0000000504
   0.0000000440   -0.0014110703   -0.0000000739
   0.0000000621   -0.0014110836   -0.0000001079
  -0.0000001057   -0.0014110217    0.0000001190
  -0.0000000021   -0.0014109724    0.0000000751
   0.0000000169   -0.0014109614   -0.0000000688
   0.0000000018   -0.0014109884   -0.0000000918
   0.0000000324   -0.0014109961    0.0000000003
  -0.0000000002   -0.0014109431    0.0000000098
   0.0006178440    0.0025128070    0.0045565275
  -0.0000001189   -0.0014472081   -0.0000044970
  -0.0000003452   -0.0014315112   -0.0000032244
   0.0000000014   -0.0014471175   -0.0000044863
   0.0000000187   -0.0014326509   -0.0000020419
   0.0000000071   -0.0014358994   -0.0000007022
  -0.0000003620   -0.0014165687   -0.0000162546
   0.0000000023   -0.0014374307   -0.0000129187
   0.0000079376   -0.0019721320   -0.0001038759
   0.0000002334   -0.0014478959    0.0000095110
   0.0000002174   -0.0014193188   -0.0000140974
   0.0000000035   -0.0014356226    0.0000018464
  -0.0000000222   -0.0014350346   -0.0000101619
   0.0000000002   -0.0014375340   -0.0000159615
  -0.0000025588   -0.0014463112   -0.0000277618
   0.0000000207   -0.0014499391   -0.0000058139
  -0.0000040943    0.0014416827    0.0000005067
  -0.0000000820    0.0014437353   -0.0000000884
   0.0000000691    0.0014434815    0.0000000970
  -0.0000000090    0.0014435248    0.0000000371
   0.0000000016    0.0014435398    0.0000000096
   0.0000000041    0.0014435554   -0.0000000416
  -0.0000000090    0.0014435290    0.0000000763
  -0.0000000004    0.0014435511    0.0000000580
  -0.0000000265    0.0014437313    0.0000000137
  -0.0000000778    0.0014435095   -0.0000000144
   0.0000000136    0.0014435519   -0.0000000118
   0.0000000128    0.0014435262   -0.0000000498
  -0.0000000000    0.0014435511    0.0000000584
   0.0000000025    0.0014435506    0.0000000969
   0.0000000186    0.0014435786   -0.0000001805
  -0.0000000188    0.0014436224   -0.0000000126
   0.0000000209    0.0014109358   -0.0000000119
   0.0000000005    0.0014109249   -0.0000000096
   0.0000000064    0.0014109300    0.0000000172
   0.0000000003    0.0014109290    0.0000000009
   0.0000000002    0.0014109269    0.0000000040
   0.0000000001    0.0014109247    0.0000000062
   0.0000000011    0.0014109217   -0.0000000104
   0.0000000002    0.0014109207   -0.0000000027
   0.0000000113    0.0014109494   -0.0000000329
   0.0000000018    0.0014109347    0.0000000101
   0.0000000018    0.0014109459    0.0000000248
   0.0000000005    0.0014109195    0.0000000042
   0.0000000001    0.0014109338   -0.0000000072
   0.0000000001    0.0014109202   -0.0000000055
   0.0000000018    0.0014109359    0.0000000086
   0.0000000005    0.0014109240    0.0000000005
  -0.0000038893   -0.0014095584   -0.0000006937
   0.0000000001   -0.0014109422   -0.0000000891
   0.0000000075   -0.0014107127   -0.0000004295
  -0.0000000164   -0.0014109935   -0.0000000157
   0.0000000179   -0.0014109084   -0.0000000412
   0.0000000077   -0.0014109128    0.0000000017
  -0.0000000223   -0.0014109699   -0.0000000328
  -0.0000000142   -0.0014109709   -0.0000000487
   0.0000001312   -0.0014113677   -0.0000000743
  -0.0000000823   -0.0014111926   -0.0000001078
   0.0000000897   -0.0014110011    0.0000001031
   0.0000000018   -0.0014109765    0.0000000917
  -0.0000000138   -0.0014109602   -0.0000000688
  -0.0000000013   -0.0014109852   -0.0000000917
  -0.0000000488   -0.0014109749    0.0000000167
  -0.0000000001   -0.0014109470   -0.0000000063
   0.0000000244   -0.0014435494   -0.0000000473
   0.0000000002   -0.0014435016    0.0000000135
   0.0000000028   -0.0014435184    0.0000000304
   0.0000000000   -0.0014435027    0.0000000020
   0.0000000000   -0.0014435044   -0.0000000060
  -0.0000000001   -0.0014435035   -0.0000000086
   0.0000000028   -0.0014435008    0.0000000070
   0.0000000000   -0.0014435081   -0.0000000020
   0.0000000135   -0.0014434755   -0.0000000167
   0.0000000008   -0.0014435017   -0.0000000070
   0.0000000008   -0.0014435084   -0.0000000049
   0.0000000000   -0.0014434995   -0.0000000077
   0.0000000001   -0.0014435057   -0.0000000020
  -0.0000000000   -0.0014435030   -0.0000000060
   0.0000000045   -0.0014435041    0.0000000119
   0.0000000003   -0.0014435053    0.0000000043
  -0.0000012113    0.0014439611    0.0000005118
   0.0000000792    0.0014438627   -0.0000000885
  -0.0000000560    0.0014434451    0.0000000438
   0.0000000092    0.0014435326    0.0000000429
  -0.0000000022    0.0014435368    0.0000000095
  -0.0000000049    0.0014435480   -0.0000000418
   0.0000000223    0.0014434917    0.0000001301
   0.0000000006    0.0014435587    0.0000000522
   0.0000000468    0.0014436825    0.0000001051
   0.0000000914    0.0014436182    0.0000000071
  -0.0000000114    0.0014435431   -0.0000000213
  -0.0000000149    0.0014435117   -0.0000000565
   0.0000000000    0.0014435505    0.0000000589
  -0.0000000029    0.0014435486    0.0000000947
  -0.0000000041    0.0014435729   -0.0000001917
   0.0000000180    0.0014436280    0.0000000076
   0.0000002940    0.0013984758   -0.0000178587
   0.0000257402    0.0014310453   -0.0000513547
  -0.0000009734    0.0014125476    0.0000003062
   0.0000004244    0.0013998413   -0.0000172241
  -0.0000001078    0.0014154150    0.0000112465
  -0.0000000078    0.0014120238    0.0000091631
   0.0000004159    0.0014004821    0.0000150019
  -0.0000001032    0.0014020080    0.0000194241
  -0.0000001871    0.0014146380   -0.0000042304
  -0.0002382440   -0.0001839851   -0.0007852418
  -0.0000001367    0.0014150189    0.0000069910
   0.0000000800    0.0014035056    0.0000294278
   0.0000000375    0.0014033320    0.0000143780
   0.0000000070    0.0014002200    0.0000088955
  -0.0000001367    0.0014043620   -0.0000024175
   0.0000000850    0.0013863251    0.0000144637
   0.0000000461   -0.0014107807   -0.0000000588
  -0.0000000397   -0.0014110256   -0.0000003852
   0.0000000113   -0.0014109531    0.0000000457
   0.0000000711   -0.0014111338    0.0000000941
  -0.0000000254   -0.0014109353    0.0000000308
  -0.0000000168   -0.0014109000   -0.0000000569
   0.0000000338   -0.0014109701   -0.0000000203
   0.0000000449   -0.0014110000   -0.0000000800
  -0.0000000080   -0.0014110452   -0.0000000416
  -0.0000006830   -0.0014102559    0.0000005471
  -0.0000000199   -0.0014109744    0.0000000673
  -0.0000000543   -0.0014108944   -0.0000001464
  -0.0000000061   -0.0014109686   -0.0000000721
   0.0000000143   -0.0014109709   -0.0000000847
   0.0000000106   -0.0014109283    0.0000000306
   0.0000000167   -0.0014109597    0.0000000707
  -0.0000024565   -0.0014832673   -0.0000109461
  -0.0000024652   -0.0014832535   -0.0000110227
   0.0000002033   -0.0014641007   -0.0000078812
   0.0000002024   -0.0014466697    0.0000073039
   0.0000000186   -0.0014327507   -0.0000015772
   0.0000000187   -0.0014327367   -0.0000015819
   0.0000002028   -0.0014246097   -0.0000118854
   0.0000002064   -0.0014420876   -0.0000270592
   0.0000002326   -0.0014600799   -0.0000011162
   0.0000083309   -0.0014517416    0.0003493859
   0.0000000035   -0.0014391014   -0.0000011868
   0.0000002166   -0.0014192902   -0.0000141145
   0.0000000001   -0.0014350968   -0.0000138458
  -0.0000000220   -0.0014353041   -0.0000103945
   0.0000000218   -0.0014464305   -0.0000027501
  -0.0000025831   -0.0014785783   -0.0000557635
  -0.0000000518    0.0014436774   -0.0000001195
  -0.0000003062    0.0014434223   -0.0000003369
  -0.0000000119    0.0014435535   -0.0000000027
  -0.0000000000    0.0014434877    0.0000000911
   0.0000000009    0.0014435361   -0.0000000604
   0.0000000020    0.0014435489    0.0000000105
   0.0000000074    0.0014435350   -0.0000000136
  -0.0000000037    0.0014435720    0.0000001531
  -0.0000000418    0.0014436371    0.0000000266
  -0.0000030653    0.0014450470   -0.0000007213
   0.0000000088    0.0014435114   -0.0000000475
   0.0000000084    0.0014435359    0.0000000766
   0.0000000005    0.0014435420    0.0000000651
  -0.0000000004    0.0014435327    0.0000000844
  -0.0000000133    0.0014435428   -0.0000000748
  -0.0000000724    0.0014435162    0.0000000880
   0.0000000026    0.0014109190   -0.0000000180
   0.0000000066    0.0014109445    0.0000000075
   0.0000000012    0.0014109243    0.0000000069
   0.0000000026    0.0014109171   -0.0000000089
   0.0000000002    0.0014109257    0.0000000071
   0.0000000002    0.0014109247    0.0000000050
   0.0000000004    0.0014109191   -0.0000000021
   0.0000000006    0.0014109205   -0.0000000058
   0.0000000007    0.0014109236    0.0000000035
   0.0000000211    0.0014109016    0.0000000147
   0.0000000003    0.0014109242    0.0000000064
   0.0000000025    0.0014109141   -0.0000000031
   0.0000000002    0.0014109209   -0.0000000043
   0.0000000001    0.0014109227   -0.0000000076
   0.0000000003    0.0014109263    0.0000000021
   0.0000000025    0.0014109231   -0.0000000038
  -0.0000000262   -0.0014108285   -0.0000000716
   0.0000000837   -0.0014110069   -0.0000005156
  -0.0000000093   -0.0014109803    0.0000000386
  -0.0000000580   -0.0014111172    0.0000000744
   0.0000000238   -0.0014109352    0.0000000322
   0.0000000176   -0.0014109006   -0.0000000534
  -0.0000000397   -0.0014109655   -0.0000000110
  -0.0000000377   -0.0014109895   -0.0000000755
   0.0000000123   -0.0014111252   -0.0000000415
  -0.0000050517   -0.0014127264    0.0000005533
   0.0000000208   -0.0014109800    0.0000000794
   0.0000000706   -0.0014108923   -0.0000001613
   0.0000000018   -0.0014109688   -0.0000000721
  -0.0000000107   -0.0014109680   -0.0000000846
  -0.0000000098   -0.0014109335    0.0000000191
  -0.0000000002   -0.0014109573    0.0000000863
   0.0000000045   -0.0014435000    0.0000000144
   0.0000000045   -0.0014434907    0.0000000150
   0.0000000008   -0.0014435098   -0.0000000004
   0.0000000008   -0.0014434977    0.0000000020
  -0.0000000000   -0.0014435104   -0.0000000071
  -0.0000000000   -0.0014435011   -0.0000000075
   0.0000000008   -0.0014435134   -0.0000000003
   0.0000000008   -0.0014435069   -0.0000000028
   0.0000000008   -0.0014434998   -0.0000000039
   0.0000000136   -0.0014435045   -0.0000000416
   0.0000000000   -0.0014435029   -0.0000000077
   0.0000000008   -0.0014435024    0.0000000008
  -0.0000000000   -0.0014435061   -0.0000000051
   0.0000000001   -0.0014435078   -0.0000000031
   0.0000000003   -0.0014435111    0.0000000016
   0.0000000045   -0.0014434974    0.0000000178
   0.0000000388    0.0014437482   -0.0000001201
   0.0000004047    0.0014439841   -0.0000003367
   0.0000000126    0.0014435578    0.0000000103
  -0.0000000059    0.0014434860    0.0000000884
  -0.0000000003    0.0014435350   -0.0000000606
  -0.0000000028    0.0014435450    0.0000000104
  -0.0000000067    0.0014435389   -0.0000000266
  -0.0000000024    0.0014435700    0.0000001552
   0.0000000383    0.0014436741    0.0000000491
  -0.0000017273    0.0014440197    0.0000011015
  -0.0000000086    0.0014435084   -0.0000000570
  -0.0000000097    0.0014435350    0.0000000650
   0.0000000002    0.0014435414    0.0000000654
   0.0000000002    0.0014435331    0.0000000844
   0.0000000134    0.0014435583   -0.0000000705
   0.0000000977    0.0014435521    0.0000001727
  -0.0002420268    0.0000698208   -0.0019299076
   0.0000003850    0.0014144710    0.0000051217
  -0.0000007696    0.0013896793    0.0000040651
  -0.0000000040    0.0014031196    0.0000107908
  -0.0000001872    0.0014020636    0.0000007736
  -0.0000000142    0.0014049454   -0.0000002947
   0.0000256757    0.0013758193   -0.0000343598
  -0.0000000221    0.0014160212    0.0000072085
   0.0000264174    0.0014051702    0.0000977706
  -0.0000013414    0.0013976009    0.0000010003
   0.0000003793    0.0014075444   -0.0000000271
   0.0000000169    0.0014028945   -0.0000012989
   0.0000003789    0.0014125882    0.0000043490
   0.0000000169    0.0014156333    0.0000097565
   0.0000263504    0.0013492265    0.0000493162
  -0.0000013488    0.0014087869    0.0000105701
  -0.0000059280   -0.0014117968   -0.0000014049
  -0.0000000018   -0.0014110553    0.0000001384
   0.0000000191   -0.0014109071   -0.0000000572
  -0.0000000201   -0.0014109448   -0.0000000423
   0.0000000213   -0.0014109546   -0.0000000072
   0.0000000059   -0.0014109676    0.0000000133
  -0.0000000390   -0.0014110800   -0.0000001436
   0.0000000160   -0.0014109450   -0.0000000554
   0.0000000037   -0.0014114212    0.0000002970
  -0.0000000340   -0.0014108943    0.0000000466
   0.0000000163   -0.0014109572   -0.0000000067
   0.0000000165   -0.0014110127    0.0000000111
  -0.0000000016   -0.0014109220   -0.0000000342
   0.0000000051   -0.0014109123   -0.0000000569
   0.0000001170   -0.0014107901   -0.0000000406
   0.0000000186   -0.0014109447    0.0000000064
   0.0000082809   -0.0011683547   -0.0004251102
  -0.0000000427   -0.0014408727   -0.0000010249
   0.0000001054   -0.0014398921   -0.0000135607
  -0.0000000124   -0.0014384005   -0.0000114497
   0.0000001019   -0.0014456459   -0.0000085460
  -0.0000000125   -0.0014458779   -0.0000049387
   0.0000091627   -0.0013121271   -0.0003023797
  -0.0000000433   -0.0014393018   -0.0000023746
  -0.0000025676   -0.0014661771   -0.0000663559
   0.0000000212   -0.0014411641   -0.0000073252
  -0.0000000224   -0.0014444231   -0.0000024537
  -0.0000000001   -0.0014453065   -0.0000049603
   0.0000002182   -0.0014366919    0.0000010007
   0.0000000032   -0.0014366757   -0.0000032888
   0.0000081101   -0.0013004999    0.0002171687
   0.0000002350   -0.0014426628   -0.0000162826
   0.0000003789    0.0014434372    0.0000000010
   0.0000000212    0.0014434516   -0.0000000503
   0.0000000061    0.0014435300    0.0000000790
  -0.0000000009    0.0014435597    0.0000000288
  -0.0000000037    0.0014434806    0.0000000425
  -0.0000000004    0.0014435162    0.0000000045
  -0.0000000367    0.0014433276   -0.0000003644
  -0.0000000084    0.0014435716    0.0000000465
   0.0000000021    0.0014435500   -0.0000002198
   0.0000000103    0.0014435600   -0.0000000492
   0.0000000008    0.0014435097    0.0000000332
  -0.0000000004    0.0014434844    0.0000000475
  -0.0000000002    0.0014435684   -0.0000000047
   0.0000000034    0.0014435839   -0.0000000043
   0.0000001088    0.0014436300    0.0000000186
  -0.0000000463    0.0014435430    0.0000000373
   0.0000000209    0.0014109089   -0.0000000367
   0.0000000005    0.0014109278   -0.0000000094
   0.0000000011    0.0014109319   -0.0000000042
   0.0000000002    0.0014109238   -0.0000000048
   0.0000000002    0.0014109286   -0.0000000043
   0.0000000001    0.0014109264   -0.0000000011
   0.0000000065    0.0014109323    0.0000000228
   0.0000000003    0.0014109273    0.0000000035
   0.0000000067    0.0014109588    0.0000000124
   0.0000000012    0.0014109333    0.0000000028
   0.0000000003    0.0014109402   -0.0000000005
   0.0000000002    0.0014109232   -0.0000000017
   0.0000000003    0.0014109336    0.0000000057
   0.0000000002    0.0014109224    0.0000000097
   0.0000000067    0.0014109388    0.0000000083
   0.0000000012    0.0014109177    0.0000000036
   0.0000003583   -0.0014105936    0.0000004466
   0.0000000027   -0.0014110893    0.0000001804
  -0.0000000098   -0.0014109085   -0.0000000592
   0.0000000190   -0.0014109432   -0.0000000439
  -0.0000000209   -0.0014109562   -0.0000000100
  -0.0000000061   -0.0014109665    0.0000000113
   0.0000000877   -0.0014111173   -0.0000001051
  -0.0000000197   -0.0014109637   -0.0000000571
   0.0000000287   -0.0014114206    0.0000001507
   0.0000000395   -0.0014108765    0.0000000603
  -0.0000000152   -0.0014109566   -0.0000000077
  -0.0000000174   -0.0014110149    0.0000000109
   0.0000000028   -0.0014109211   -0.0000000330
  -0.0000000059   -0.0014109141   -0.0000000563
  -0.0000000850   -0.0014107891    0.0000001068
  -0.0000000130   -0.0014109265   -0.0000000075
   0.0000000136   -0.0014435369    0.0000000219
   0.0000000001   -0.0014435081    0.0000000011
   0.0000000003   -0.0014435117    0.0000000008
  -0.0000000000   -0.0014435070   -0.0000000045
   0.0000000003   -0.0014435045    0.0000000071
  -0.0000000000   -0.0014435047    0.0000000056
   0.0000000136   -0.0014435099    0.0000000117
   0.0000000001   -0.0014435029    0.0000000092
   0.0000000045   -0.0014434972    0.0000000151
   0.0000000003   -0.0014435040   -0.0000000045
   0.0000000001   -0.0014435054    0.0000000056
  -0.0000000000   -0.0014435006    0.0000000031
   0.0000000008   -0.0014434950   -0.0000000027
   0.0000000000   -0.0014434978   -0.0000000074
   0.0000000135   -0.0014435230   -0.0000000243
   0.0000000008   -0.0014435015    0.0000000010
  -0.0000002494    0.0014432698   -0.0000002826
  -0.0000000211    0.0014434416   -0.0000000707
  -0.0000000066    0.0014435278    0.0000000722
   0.0000000005    0.0014435606    0.0000000288
   0.0000000032    0.0014434782    0.0000000491
   0.0000000000    0.0014435166    0.0000000042
   0.0000001656    0.0014431596   -0.0000000802
   0.0000000085    0.0014435613    0.0000000665
   0.0000000122    0.0014435450   -0.0000002090
  -0.0000000112    0.0014435665   -0.0000000694
  -0.0000000008    0.0014435092    0.0000000326
   0.0000000000    0.0014434825    0.0000000494
   0.0000000025    0.0014435595    0.0000000047
  -0.0000000055    0.0014435690    0.0000000019
  -0.0000000884    0.0014435805   -0.0000000732
   0.0000000599    0.0014436521    0.0000000157
   0.0000002944    0.0014330104    0.0000125906
   0.0000256920    0.0014842124   -0.0000053244
   0.0000004175    0.0014071822    0.0000208730
  -0.0000001023    0.0013882847    0.0000076253
  -0.0000001075    0.0014024651   -0.0000000639
  -0.0000000077    0.0014022231    0.0000006042
  -0.0000009673    0.0014121093   -0.0000001432
   0.0000004300    0.0014387219    0.0000163653
   0.0000000897    0.0014087764    0.0000102797
  -0.0000161611    0.0011785246   -0.0000674862
   0.0000000150    0.0014060941    0.0000017210
   0.0000001327    0.0014078912    0.0000002309
   0.0000000151    0.0014130707    0.0000077863
   0.0000001325    0.0014128967    0.0000045933
   0.0000000894    0.0014064028    0.0000080925
  -0.0000161998    0.0014168214    0.0001393001
  -0.0000000554   -0.0014111143    0.0000000743
   0.0000000891   -0.0014111964    0.0000003595
  -0.0000000380   -0.0014109860    0.0000000197
  -0.0000000183   -0.0014109790   -0.0000001052
   0.0000000221   -0.0014109606    0.0000000456
   0.0000000145   -0.0014109737    0.0000000013
   0.0000000073   -0.0014109393   -0.0000000134
   0.0000000412   -0.0014109368   -0.0000000893
  -0.0000000230   -0.0014109272    0.0000000604
   0.0000000502   -0.0014109997   -0.0000001410
   0.0000000070   -0.0014109768    0.0000000060
   0.0000000166   -0.0014109574   -0.0000000332
   0.0000000001   -0.0014109015   -0.0000000287
  -0.0000000040   -0.0014108964   -0.0000000292
   0.0000000261   -0.0014109221    0.0000000499
   0.0000001688   -0.0014112212   -0.0000003554
  -0.0000000365   -0.0014538911   -0.0000025574
  -0.0000000447   -0.0014267908    0.0000211680
  -0.0000000445   -0.0014386764   -0.0000180934
  -0.0000000442   -0.0014355145   -0.0000153667
  -0.0000000445   -0.0014455601   -0.0000066316
  -0.0000000452   -0.0014487039   -0.0000093678
  -0.0000000412   -0.0014248337    0.0000194644
  -0.0000000680   -0.0014520870   -0.0000042040
   0.0000000224   -0.0014446898   -0.0000103783
  -0.0000025527   -0.0014339215   -0.0000385123
  -0.0000000000   -0.0014477385   -0.0000070812
  -0.0000000226   -0.0014441569   -0.0000022201
   0.0000000033   -0.0014331954   -0.0000002605
   0.0000002196   -0.0014367004    0.0000009892
   0.0000002329   -0.0014304485   -0.0000056566
   0.0000090542   -0.0018259800   -0.0002377237
   0.0000000205    0.0014435593    0.0000000277
   0.0000001174    0.0014435368    0.0000000471
  -0.0000000046    0.0014435321   -0.0000000167
   0.0000000004    0.0014435541    0.0000001064
  -0.0000000009    0.0014434911   -0.0000000369
  -0.0000000046    0.0014434747    0.0000000470
  -0.0000000082    0.0014435333   -0.0000000015
  -0.0000000363    0.0014436927    0.0000000897
  -0.0000000068    0.0014435331   -0.0000000819
   0.0000000526    0.0014436000    0.0000002422
   0.0000000010    0.0014434916    0.0000000313
  -0.0000000004    0.0014434838    0.0000000515
  -0.0000000049    0.0014435411   -0.0000000281
  -0.0000000085    0.0014435207    0.0000000545
  -0.0000000085    0.0014435251   -0.0000000468
  -0.0000004130    0.0014436390   -0.0000001234
   0.0000000026    0.0014109199   -0.0000000197
   0.0000000066    0.0014109279   -0.0000000063
   0.0000000004    0.0014109235   -0.0000000015
   0.0000000006    0.0014109205   -0.0000000085
   0.0000000002    0.0014109260   -0.0000000020
   0.0000000002    0.0014109280   -0.0000000021
   0.0000000012    0.0014109248    0.0000000099
   0.0000000026    0.0014109239   -0.0000000003
   0.0000000005    0.0014109305   -0.0000000012
   0.0000000109    0.0014108805   -0.0000000178
   0.0000000002    0.0014109263    0.0000000011
   0.0000000005    0.0014109271   -0.0000000040
   0.0000000002    0.0014109219    0.0000000098
   0.0000000005    0.0014109238    0.0000000054
   0.0000000005    0.0014109213    0.0000000062
   0.0000000110    0.0014109272    0.0000000352
   0.0000000755   -0.0014111627    0.0000000879
  -0.0000000451   -0.0014111776    0.0000004889
   0.0000000322   -0.0014109815    0.0000000106
   0.0000000253   -0.0014109688   -0.0000001092
  -0.0000000238   -0.0014109603    0.0000000447
  -0.0000000138   -0.0014109743   -0.0000000020
  -0.0000000053   -0.0014109661   -0.0000000062
  -0.0000000275   -0.0014109191   -0.0000000687
   0.0000000212   -0.0014109264    0.0000000522
   0.0000001468   -0.0014108819   -0.0000002631
  -0.0000000090   -0.0014109830    0.0000000098
  -0.0000000163   -0.0014109596   -0.0000000344
  -0.0000000022   -0.0014109075   -0.0000000322
   0.0000000045   -0.0014108984   -0.0000000278
  -0.0000000279   -0.0014109213    0.0000000584
   0.0000000302   -0.0014111017   -0.0000002327
   0.0000000027   -0.0014434917   -0.0000000005
   0.0000000027   -0.0014434997   -0.0000000151
   0.0000000001   -0.0014435161   -0.0000000031
   0.0000000001   -0.0014435047   -0.0000000014
   0.0000000001   -0.0014435098    0.0000000077
   0.0000000001   -0.0014435027    0.0000000056
   0.0000000027   -0.0014435215    0.0000000087
   0.0000000027   -0.0014434950    0.0000000238
   0.0000000003   -0.0014435037   -0.0000000020
   0.0000000045   -0.0014435045    0.0000000090
  -0.0000000000   -0.0014435048    0.0000000030
   0.0000000001   -0.0014435050    0.0000000066
   0.0000000000   -0.0014435008   -0.0000000069
   0.0000000008   -0.0014435021   -0.0000000083
   0.0000000008   -0.0014435081   -0.0000000031
   0.0000000136   -0.0014434940    0.0000000008
  -0.0000000207    0.0014435495    0.0000000080
  -0.0000000949    0.0014434911   -0.0000000583
   0.0000000056    0.0014435373   -0.0000000145
  -0.0000000025    0.0014435558    0.0000001029
   0.0000000019    0.0014434959   -0.0000000395
   0.0000000025    0.0014434763    0.0000000502
   0.0000000081    0.0014435235    0.0000000179
   0.0000000587    0.0014436446    0.0000001949
   0.0000000069    0.0014435492   -0.0000000868
  -0.0000000271    0.0014436357    0.0000001569
  -0.0000000003    0.0014434909    0.0000000310
   0.0000000002    0.0014434844    0.0000000514
   0.0000000051    0.0014435380   -0.0000000190
   0.0000000072    0.0014435198    0.0000000660
   0.0000000050    0.0014435620   -0.0000000694
  -0.0000044418    0.0014425959   -0.0000019608