512  
4    

1    
  0.0046257503802354   0.0058004478369895   0.0067050159067758
  -0.0652188400   -0.3667036800   -0.3983724900
   0.0000169200   -0.0157425900    0.0003380200
  -0.0000622800   -0.0181582900    0.0010594600
   0.0000072100   -0.0163497400    0.0007838100
  -0.0000036000   -0.0166058600    0.0001581600
  -0.0000018100   -0.0164073500    0.0000475600
  -0.0000644000   -0.0172888400    0.0002525200
   0.0000026900   -0.0158446300    0.0002638000
  -0.0019533100    0.0199037300    0.0156032400
  -0.0000245300   -0.0169762200    0.0003964200
  -0.0000250100   -0.0162855900   -0.0001956500
  -0.0000005400   -0.0167033000   -0.0000695100
  -0.0000004900   -0.0159665000    0.0000402900
   0.0000033700   -0.0156449100    0.0003861500
   0.0003237900   -0.0164065500    0.0024981100
   0.0000026300   -0.0159334000    0.0005369400
   0.0003337900    0.0159594800   -0.0001512100
  -0.0000038100    0.0158949100    0.0000808800
   0.0000043400    0.0160147500   -0.0000248000
  -0.0000095400    0.0160397800   -0.0000195900
   0.0000031700    0.0160353100   -0.0000295300
  -0.0000047200    0.0160124800   -0.0000393700
  -0.0000009900    0.0160062800   -0.0000145200
   0.0000076300    0.0160262800   -0.0000244500
  -0.0001321600    0.0159238900   -0.0000275700
  -0.0000186900    0.0159951700   -0.0000519600
   0.0000048800    0.0159946200   -0.0001268000
  -0.0000105100    0.0159650200   -0.0001329100
  -0.0000025800    0.0160019200   -0.0001081000
   0.0000049600    0.0159920500   -0.0001019700
   0.0000132300    0.0160300500   -0.0000016600
   0.0000009200    0.0159830100   -0.0000982300
  -0.0000325500    0.0056582400   -0.0000204600
   0.0266062100    0.0483239400    0.1065214300
   0.0000051500    0.0059396200   -0.0007205400
   0.0000843700    0.0062721700   -0.0005325200
   0.0000025000    0.0053504900   -0.0003283500
   0.0000139200    0.0054642300   -0.0004794300
  -0.0000002000    0.0056250100   -0.0000524500
  -0.0021438600    0.0015147700   -0.0045495200
   0.0016454100    0.0057600300   -0.0082475400
  -0.0000081500    0.0058653600   -0.0004659200
  -0.0000159600    0.0053590900   -0.0002047700
   0.0000000800    0.0053137400   -0.0005210900
  -0.0000158500    0.0054946400   -0.0001060900
   0.0000006500    0.0056852800   -0.0001629000
   0.0016514900    0.0212450300    0.0053124100
  -0.0000113400    0.0056033900   -0.0006392200
   0.0002789600   -0.0054156300    0.0000609100
  -0.0000047400   -0.0054764200    0.0000025400
   0.0000011100   -0.0054442300   -0.0000064000
  -0.0000068200   -0.0054906400   -0.0000056100
  -0.0000037900   -0.0054829500    0.0000023100
   0.0000015600   -0.0054353400    0.0000142300
  -0.0000182700   -0.0055417500    0.0000684100
  -0.0000027900   -0.0054848900    0.0000056000
  -0.0000009300   -0.0054229600    0.0000634100
   0.0000089900   -0.0055029000    0.0000060800
   0.0000046200   -0.0054221400   -0.0000259300
  -0.0000026300   -0.0054369000    0.0000244100
  -0.0000028800   -0.0054119500    0.0000083500
  -0.0000041000   -0.0054102600    0.0000214600
   0.0000584400   -0.0053277700   -0.0001552500
  -0.0000035600   -0.0053944900    0.0000283200
  -0.0000203300   -0.0160199700   -0.0000196600
   0.0000007200   -0.0159999900   -0.0000164500
  -0.0000025900   -0.0160182300    0.0000303100
  -0.0000032800   -0.0160406000    0.0000282500
   0.0000021000   -0.0160494000    0.0000056400
  -0.0000008900   -0.0160157100    0.0000055900
  -0.0000024500   -0.0160231300   -0.0000219300
   0.0000001000   -0.0160245100   -0.0000224200
   0.0000031800   -0.0159558700   -0.0001114600
  -0.0000006200   -0.0159747500   -0.0000913700
   0.0000002200   -0.0159809500   -0.0000896200
  -0.0000009000   -0.0159649000   -0.0000955800
   0.0000022700   -0.0159715000   -0.0000749200
  -0.0000001500   -0.0160018700   -0.0000797400
   0.0000013000   -0.0159864900   -0.0000850700
   0.0000033800   -0.0159856200   -0.0000737100
   0.0003328600    0.0159685700   -0.0001607900
   0.0000001800    0.0158878000    0.0000207400
   0.0000002600    0.0160370800   -0.0000157200
   0.0000107400    0.0160066900   -0.0000289800
  -0.0000043400    0.0160055400   -0.0000205000
   0.0000056800    0.0160025600   -0.0000268100
   0.0000011000    0.0160161800   -0.0000397100
  -0.0000046800    0.0160213700   -0.0000088800
   0.0000994100    0.0160722500   -0.0000052900
   0.0000179500    0.0160520400    0.0000009000
  -0.0000011800    0.0159650400   -0.0001381400
   0.0000106500    0.0160063600   -0.0000960300
  -0.0000014900    0.0160344300   -0.0001304400
  -0.0000066700    0.0159682800   -0.0000895900
  -0.0000346500    0.0160690000   -0.0000247400
   0.0000000900    0.0159954000   -0.0001121900
  -0.0000024100    0.0054826600   -0.0000024700
  -0.0000031100    0.0054441400   -0.0000255800
  -0.0000030800    0.0054434200   -0.0000191800
   0.0000007400    0.0054824600   -0.0000339300
  -0.0000000200    0.0054946200   -0.0000106900
   0.0000017900    0.0054274500   -0.0000143400
   0.0000043100    0.0054736700   -0.0000145500
   0.0000000300    0.0054748300    0.0000159600
  -0.0000036300    0.0054492600   -0.0000052900
  -0.0000045600    0.0054199400    0.0000005200
  -0.0000006400    0.0054387100    0.0000049100
  -0.0000000900    0.0054483600   -0.0000267600
   0.0000046000    0.0054350600    0.0000173400
   0.0000023700    0.0054007200   -0.0000162500
  -0.0000003100    0.0054313200    0.0000066300
   0.0000011800    0.0054280700   -0.0000030400
   0.0001725800   -0.0055615700   -0.0001349400
   0.0000051200   -0.0054881500    0.0000099200
  -0.0000030200   -0.0054527000   -0.0000137300
   0.0000043000   -0.0054899500    0.0000063800
   0.0000016600   -0.0054501500   -0.0000009800
  -0.0000045200   -0.0054753500    0.0000236600
   0.0000172900   -0.0055600000    0.0001559600
   0.0000077500   -0.0054539800    0.0000051000
   0.0000050500   -0.0054419200    0.0000346900
  -0.0000097400   -0.0054753600   -0.0000259200
  -0.0000035200   -0.0054197000    0.0000040100
   0.0000006700   -0.0054275300   -0.0000202100
  -0.0000002700   -0.0053963700   -0.0000370800
  -0.0000010400   -0.0053939700    0.0000462700
  -0.0000567900   -0.0053465600   -0.0001009000
   0.0000011500   -0.0053548600   -0.0000256900
   0.0003094100   -0.0134153500    0.0009147600
   0.0003068200   -0.0134088300    0.0008773000
  -0.0000234000   -0.0160440100    0.0018449400
  -0.0000235400   -0.0172468400    0.0008301100
  -0.0000048300   -0.0166830100    0.0001461300
  -0.0000035600   -0.0166958100    0.0001468100
  -0.0000216600   -0.0156752600   -0.0004855200
  -0.0000253700   -0.0145255900    0.0005330400
  -0.0000234900   -0.0161463000    0.0011072000
  -0.0017843100   -0.0235099500   -0.0219145500
   0.0000019700   -0.0164082000    0.0001829100
  -0.0000266600   -0.0162278200   -0.0001248200
   0.0000012400   -0.0158836400    0.0002097500
   0.0000014100   -0.0160328700    0.0000478000
   0.0000035600   -0.0162156100    0.0002786200
   0.0003258300   -0.0145240600    0.0041526600
  -0.0000433800    0.0159604200    0.0000240900
   0.0000223100    0.0159194800    0.0001213000
  -0.0000232400    0.0159700700    0.0000163500
  -0.0000160400    0.0160229900   -0.0000203700
   0.0000068200    0.0160363400    0.0000423400
  -0.0000023900    0.0160078700    0.0000195000
  -0.0000036700    0.0159827100   -0.0000001500
   0.0000141700    0.0159895400   -0.0000520500
  -0.0000156100    0.0159580600   -0.0000551000
  -0.0000671300    0.0160876300   -0.0001753000
  -0.0000006700    0.0159908000   -0.0001080100
   0.0000076400    0.0160014500   -0.0001227200
  -0.0000013600    0.0159675800   -0.0001023400
  -0.0000002200    0.0159765100   -0.0000818000
   0.0000064700    0.0159650600   -0.0000847000
   0.0000200300    0.0160467300   -0.0000365900
  -0.0022033900    0.0029304600    0.0052057700
  -0.0000287500    0.0062731400    0.0012429100
   0.0000112700    0.0060409600   -0.0011900200
  -0.0000335300    0.0061064400   -0.0010284200
  -0.0000025700    0.0054283300   -0.0006020200
   0.0000075300    0.0051527400   -0.0006986300
  -0.0000487200    0.0062975200    0.0011909000
   0.0000932400    0.0055427100   -0.0001434200
   0.0001473500    0.0058079400   -0.0003336300
  -0.0022188600    0.0118572800   -0.0025365800
  -0.0000013600    0.0051366300   -0.0006206900
  -0.0000293100    0.0053100000   -0.0001615100
  -0.0000007400    0.0059241400    0.0001371800
  -0.0000294700    0.0054871900    0.0000068900
   0.0001396600    0.0062537300    0.0001501900
  -0.0022361100    0.0052210800   -0.0081586000
  -0.0000079800   -0.0054606500   -0.0000241400
   0.0000209500   -0.0056153900   -0.0000129200
   0.0000047400   -0.0054612000    0.0000000600
   0.0000036700   -0.0054322600    0.0000051300
  -0.0000029500   -0.0054531900   -0.0000355300
  -0.0000010800   -0.0055020400    0.0000296700
  -0.0000029900   -0.0054789100    0.0000099200
  -0.0000091200   -0.0054595300    0.0000122100
   0.0000036900   -0.0054647300   -0.0000112300
  -0.0000153000   -0.0054216800    0.0000719300
   0.0000015000   -0.0054139800    0.0000119400
   0.0000057900   -0.0054061300   -0.0000092600
  -0.0000076800   -0.0054499800    0.0000119400
  -0.0000023800   -0.0053999500    0.0000297000
   0.0000091700   -0.0053751600   -0.0000190800
  -0.0000915800   -0.0053783100    0.0000773000
  -0.0000006300   -0.0160547900   -0.0000350400
   0.0000029700   -0.0160046000   -0.0000030000
   0.0000012200   -0.0160171300   -0.0000046000
   0.0000012000   -0.0160026100    0.0000167300
   0.0000034300   -0.0160235700   -0.0000113400
   0.0000017900   -0.0160398500    0.0000058400
   0.0000028600   -0.0160727100   -0.0000185900
   0.0000017600   -0.0160445600    0.0000104700
  -0.0000029200   -0.0160172200   -0.0000784900
   0.0000047300   -0.0160270900   -0.0000890800
   0.0000011200   -0.0160055500   -0.0000893500
   0.0000016600   -0.0159925100   -0.0000996500
   0.0000001900   -0.0159758300   -0.0001085000
   0.0000026200   -0.0160011600   -0.0000542700
   0.0000036600   -0.0160154700   -0.0000517800
   0.0000022100   -0.0160028800   -0.0000638100
   0.0000200200    0.0160256700    0.0000062300
  -0.0000473700    0.0158795500    0.0001312300
   0.0000202700    0.0159930200    0.0000095700
   0.0000095100    0.0160476200    0.0000121100
  -0.0000087700    0.0159847500    0.0000335600
   0.0000009300    0.0160454600    0.0000018900
  -0.0000018900    0.0159811000    0.0000085800
  -0.0000164400    0.0159816800   -0.0000732600
   0.0000110400    0.0159671000   -0.0000329800
   0.0000271900    0.0159606800   -0.0000314400
   0.0000018800    0.0159914000   -0.0001491700
  -0.0000083300    0.0159709600   -0.0000946300
  -0.0000030700    0.0160029500   -0.0001076600
  -0.0000001000    0.0160051000   -0.0000876200
  -0.0000083600    0.0159906500   -0.0000442600
  -0.0000408300    0.0159890000   -0.0000625100
  -0.0000015100    0.0054772100   -0.0000490800
   0.0000004900    0.0054879600    0.0000062700
   0.0000005700    0.0054779200   -0.0000302400
  -0.0000006500    0.0054631300   -0.0000367800
   0.0000034400    0.0054590700   -0.0000099900
  -0.0000001800    0.0054606800   -0.0000284100
   0.0000009300    0.0054514500   -0.0000188100
   0.0000031100    0.0054805800   -0.0000052600
  -0.0000029400    0.0053999600    0.0000428300
  -0.0000017200    0.0053947000    0.0000045600
  -0.0000003200    0.0054010700   -0.0000026200
   0.0000022900    0.0054126700    0.0000011500
   0.0000019700    0.0054252300   -0.0000072300
   0.0000007800    0.0054469200   -0.0000141200
   0.0000032500    0.0054077700   -0.0000080500
   0.0000025000    0.0053884700    0.0000106000
   0.0000061500   -0.0055078100   -0.0000200100
  -0.0000217000   -0.0055443700    0.0000069600
  -0.0000038700   -0.0054523200   -0.0000721100
  -0.0000072700   -0.0054441000   -0.0000166100
   0.0000002100   -0.0054717800   -0.0000201300
   0.0000005300   -0.0054918000    0.0000188300
   0.0000027800   -0.0054624000    0.0000247600
   0.0000073500   -0.0054642100    0.0000677800
  -0.0000003900   -0.0054449800    0.0000251000
  -0.0000743200   -0.0054483400    0.0000234100
  -0.0000008100   -0.0054208200    0.0000025300
  -0.0000048700   -0.0054241600   -0.0000044200
   0.0000046000   -0.0054083400   -0.0000216800
   0.0000026600   -0.0054179400   -0.0000037000
  -0.0000091600   -0.0054208600    0.0000046500
  -0.0000018400   -0.0053568900    0.0001296600
  -0.0019586100   -0.0306908100    0.0287427900
   0.0000071000   -0.0164121500    0.0002449000
   0.0000037400   -0.0159686200    0.0005426500
   0.0000051700   -0.0158180100    0.0002605500
   0.0000028500   -0.0161248000    0.0006632600
   0.0000029300   -0.0162800000    0.0006704600
  -0.0018009200   -0.0343280200    0.0316748100
   0.0000037400   -0.0161765300   -0.0000195400
   0.0003277200   -0.0137351900    0.0036745700
   0.0000096800   -0.0158274200    0.0001472600
   0.0000022300   -0.0164483000    0.0006046300
   0.0000003700   -0.0165195600    0.0009615500
  -0.0000244500   -0.0174972900    0.0011489700
  -0.0000010600   -0.0160963000    0.0000939300
  -0.0018229400   -0.0194981100   -0.0253403600
  -0.0000247700   -0.0147580900    0.0000911900
  -0.0000770500    0.0160323900    0.0000145500
  -0.0000035900    0.0160242300    0.0000111400
   0.0000010500    0.0159909200   -0.0000199000
  -0.0000010100    0.0159855100   -0.0000435600
  -0.0000004100    0.0159597100   -0.0000295300
  -0.0000067000    0.0159870100   -0.0000393600
   0.0000877100    0.0159959100    0.0000834800
   0.0000014000    0.0159635800   -0.0000757300
  -0.0000496700    0.0159272500    0.0000658100
   0.0000011300    0.0159617400    0.0000959100
   0.0000037100    0.0159766600    0.0000684500
  -0.0000099700    0.0159786300    0.0000655000
   0.0000170700    0.0160319300    0.0000801900
  -0.0000012900    0.0159819700    0.0000238900
  -0.0001043300    0.0157905400    0.0000867800
   0.0000206600    0.0158840200    0.0000209100
   0.0000050600    0.0052627100   -0.0004159900
  -0.0021407200    0.0101184800    0.0029696200
   0.0000028600    0.0057931500    0.0000237500
   0.0000165000    0.0059394100   -0.0000184300
   0.0000020900    0.0058975400   -0.0006258000
   0.0000842800    0.0067373200   -0.0000556400
  -0.0000352000    0.0051519900   -0.0003269400
   0.0273197900    0.1227031400    0.1676316900
   0.0265852300    0.1501170000    0.0705871700
   0.0000243400    0.0052306300    0.0003310600
  -0.0000083800    0.0068958500   -0.0010746000
   0.0000126300    0.0059183600    0.0002072700
   0.0000025400    0.0060937100   -0.0004868900
  -0.0000019600    0.0059529800   -0.0009755000
  -0.0000060500    0.0061902300   -0.0017650900
   0.0000083300    0.0052737300   -0.0003038800
   0.0000250400   -0.0054152500    0.0001050600
  -0.0000065500   -0.0054613000    0.0000572500
   0.0000001800   -0.0054842900    0.0000202200
  -0.0000013400   -0.0054780500    0.0000278600
  -0.0000056300   -0.0054929200    0.0000403800
   0.0000034700   -0.0054151100    0.0000447000
   0.0002950200   -0.0054819400   -0.0001689800
  -0.0000326400   -0.0052816900   -0.0000373200
  -0.0000788400   -0.0053463800    0.0000034000
  -0.0000541700   -0.0053909100    0.0000193700
   0.0000181200   -0.0054965200    0.0000796900
   0.0000016000   -0.0055463100    0.0000111500
  -0.0000034300   -0.0055085700    0.0000273100
  -0.0000034000   -0.0055066500    0.0000423900
   0.0000156300   -0.0054564700   -0.0000581300
  -0.0000044600   -0.0054668700   -0.0000056700
   0.0000002100   -0.0159787100    0.0000032300
  -0.0000023300   -0.0159805400    0.0000110700
   0.0000016600   -0.0159762300   -0.0000219000
   0.0000004100   -0.0160079900    0.0000044200
   0.0000015100   -0.0160141500    0.0000232200
   0.0000025100   -0.0159708900    0.0000079100
   0.0000035900   -0.0159774200    0.0000362700
   0.0000016700   -0.0159591800    0.0000033400
  -0.0000000100   -0.0159540600    0.0001145900
  -0.0000041000   -0.0159794200    0.0000879700
   0.0000014600   -0.0159663500    0.0000564900
   0.0000016100   -0.0159786700    0.0001205700
   0.0000034100   -0.0159424700    0.0001100100
   0.0000043200   -0.0159981300    0.0000736300
   0.0000053100   -0.0159363700    0.0000892900
  -0.0000005200   -0.0159841100    0.0000841700
   0.0000346200    0.0159957500    0.0001084000
   0.0000062300    0.0159910400    0.0000618200
  -0.0000022800    0.0159715000   -0.0000315200
  -0.0000021600    0.0159836200   -0.0000404400
  -0.0000016600    0.0159613100   -0.0000225000
   0.0000005400    0.0159623400   -0.0000656400
  -0.0001357400    0.0159727100    0.0000051300
   0.0000009600    0.0159321700   -0.0000578700
   0.0000328300    0.0159683200    0.0001005400
   0.0000003000    0.0159728700    0.0000699500
  -0.0000033500    0.0159941100    0.0001199800
   0.0000067600    0.0159878100    0.0000329100
  -0.0000210400    0.0160049100    0.0000461800
   0.0000005700    0.0160011600    0.0000410900
   0.0000693200    0.0159228800    0.0000486600
  -0.0000232300    0.0158635200   -0.0000160200
  -0.0000032500    0.0054360500    0.0000023500
  -0.0000033300    0.0054570800    0.0000592900
  -0.0000021700    0.0054562300    0.0000386700
   0.0000015100    0.0054619500    0.0000130000
  -0.0000005300    0.0054965700   -0.0000132400
  -0.0000002300    0.0054353500   -0.0000195500
  -0.0000004600    0.0054809800    0.0000013400
  -0.0000012600    0.0054559500   -0.0000311600
   0.0000081700    0.0055567000   -0.0000187300
  -0.0000019900    0.0055256800   -0.0000172600
  -0.0000032600    0.0054960100    0.0000155300
  -0.0000058600    0.0055386700    0.0000373400
   0.0000016200    0.0055163400   -0.0000186000
  -0.0000011500    0.0054965500    0.0000077200
  -0.0000000300    0.0055612700   -0.0000002800
   0.0000012800    0.0055108500   -0.0000118700
  -0.0000196000   -0.0054197300    0.0000689800
   0.0000086100   -0.0055115500    0.0000367400
  -0.0000019100   -0.0054856500    0.0000358300
  -0.0000005000   -0.0055236900    0.0000468200
   0.0000006000   -0.0054858600    0.0000185700
  -0.0000044200   -0.0054249800    0.0000184200
   0.0001456800   -0.0056233300   -0.0000177200
   0.0000309400   -0.0053260500   -0.0000360000
  -0.0000022100   -0.0054034100   -0.0000111100
   0.0000623500   -0.0052919200    0.0000541100
  -0.0000096100   -0.0054818000    0.0000036200
  -0.0000013100   -0.0055132400    0.0000546600
  -0.0000000900   -0.0054943000    0.0000614500
   0.0000014300   -0.0054779400    0.0000540900
  -0.0000091600   -0.0054695500    0.0000103300
   0.0000052700   -0.0054816800    0.0000118700
  -0.0000826700   -0.0152064000    0.0001880000
  -0.0000885400   -0.0176533000   -0.0019087800
   0.0000072000   -0.0156461800    0.0005943700
   0.0000046500   -0.0158759400    0.0004247100
   0.0000066400   -0.0164808000    0.0009638000
   0.0000063200   -0.0162561700    0.0011388300
  -0.0000900400   -0.0174767300   -0.0020825600
  -0.0000919100   -0.0150217500    0.0000413800
   0.0000100500   -0.0155462600    0.0003754900
   0.0003206700   -0.0156379000    0.0019843000
   0.0000018500   -0.0163478700    0.0011507600
   0.0000016700   -0.0164286000    0.0006331700
  -0.0000000000   -0.0163818300   -0.0001287900
  -0.0000270700   -0.0175880500    0.0010878600
  -0.0000260600   -0.0156074800   -0.0006258700
  -0.0017574700    0.0234234900    0.0118669100
  -0.0000012500    0.0159761100   -0.0000128100
  -0.0000095700    0.0160172600   -0.0000623800
  -0.0000077500    0.0159728100   -0.0000314200
  -0.0000007800    0.0159984100   -0.0000325600
   0.0000105800    0.0160031300    0.0000111100
   0.0000033000    0.0159525700   -0.0000442400
   0.0000027300    0.0159282100   -0.0000408000
   0.0000002600    0.0159123500   -0.0001083100
  -0.0000011300    0.0159929500    0.0001056300
  -0.0000106900    0.0160449700    0.0001206300
  -0.0000048700    0.0160092800    0.0000410500
   0.0000003400    0.0159942100    0.0000501600
  -0.0000027900    0.0159548100    0.0000590800
   0.0000009200    0.0159966200    0.0000647400
  -0.0000083000    0.0158564700    0.0000758400
   0.0001403300    0.0160103800    0.0000608700
  -0.0000495700    0.0037741900   -0.0011949000
   0.0000972300    0.0057158800    0.0000616100
  -0.0000018700    0.0059604400   -0.0000150200
   0.0000065700    0.0059332200    0.0000092800
   0.0000128300    0.0068018600   -0.0004847500
  -0.0000346700    0.0056328800   -0.0014463400
  -0.0021948800   -0.0006199700    0.0023552100
  -0.0000305200    0.0039198000   -0.0005499600
   0.0002421500    0.0033047700   -0.0002734400
   0.0018449300    0.0010106200    0.0120679800
  -0.0000054400    0.0055505200   -0.0000309200
   0.0002693800    0.0065226700   -0.0008257100
   0.0000020100    0.0061664600   -0.0007549100
   0.0000017200    0.0061329900   -0.0004067700
  -0.0000076300    0.0053426000   -0.0001727500
   0.0002670500    0.0036621900   -0.0032185600
  -0.0000036100   -0.0054627300    0.0000180700
   0.0000122400   -0.0054802200    0.0000687700
   0.0000008000   -0.0054619300   -0.0000018800
   0.0000031500   -0.0054581000    0.0000204900
   0.0000038600   -0.0054187300   -0.0000319400
  -0.0000058800   -0.0054738500    0.0000298800
  -0.0000012000   -0.0053463300    0.0000146400
  -0.0000764000   -0.0052010900    0.0000339000
  -0.0000336200   -0.0054005600    0.0000207800
   0.0001078500   -0.0055227200   -0.0001144900
   0.0000013900   -0.0054996300    0.0000102100
   0.0000037400   -0.0054788800    0.0000245600
   0.0000007000   -0.0054875300    0.0000314700
   0.0000012700   -0.0054782400    0.0000081700
  -0.0000078900   -0.0054900700   -0.0000355500
  -0.0000169000   -0.0054853200    0.0000332700
  -0.0000007000   -0.0159899700    0.0000187300
   0.0000001500   -0.0159650800   -0.0000006800
   0.0000001200   -0.0159717200    0.0000002700
   0.0000013700   -0.0159768200   -0.0000031400
   0.0000010600   -0.0160248200    0.0000305000
   0.0000013700   -0.0159536200   -0.0000061600
   0.0000038100   -0.0159861300    0.0000345300
   0.0000032700   -0.0159750200   -0.0000033700
  -0.0000010800   -0.0160282700    0.0001076700
  -0.0000024800   -0.0160360100    0.0001032000
   0.0000006900   -0.0159981700    0.0000999600
   0.0000022600   -0.0160013400    0.0000764300
   0.0000008700   -0.0159547600    0.0000818800
   0.0000002200   -0.0159769800    0.0000447400
   0.0000028600   -0.0160146200    0.0000629600
   0.0000054500   -0.0159823600    0.0000929300
   0.0000042500    0.0159820400   -0.0000020100
   0.0000143100    0.0160196400   -0.0000583100
   0.0000046900    0.0159944500    0.0000048600
  -0.0000027700    0.0159810200   -0.0000405000
  -0.0000163400    0.0159579300   -0.0000316600
  -0.0000067200    0.0159615600   -0.0000211300
  -0.0000017100    0.0159256300   -0.0000207300
   0.0000013300    0.0159323600   -0.0001286500
   0.0000023200    0.0159943800    0.0001319800
  -0.0000048600    0.0159909000    0.0001350500
   0.0000003500    0.0159916400    0.0000809700
  -0.0000006100    0.0159939300    0.0000587700
   0.0000009600    0.0159987600    0.0000402000
  -0.0000027400    0.0159644000    0.0000424600
   0.0000046700    0.0158740100    0.0000168600
  -0.0001847700    0.0158938700   -0.0000817200
   0.0000004400    0.0054812000    0.0000276900
  -0.0000025900    0.0055066600    0.0000136700
   0.0000013900    0.0054509200   -0.0000121400
   0.0000033500    0.0054773900    0.0000306800
   0.0000033700    0.0054438100    0.0000266200
   0.0000014700    0.0054663100    0.0000120800
  -0.0000002000    0.0054662500    0.0000507700
   0.0000007600    0.0054759600    0.0000037200
  -0.0000002300    0.0054412800   -0.0000174000
  -0.0000005200    0.0055009600    0.0000003300
  -0.0000001600    0.0054893100   -0.0000223300
  -0.0000004500    0.0054766700   -0.0000126100
   0.0000009500    0.0055249900   -0.0000255100
   0.0000020300    0.0055035800    0.0000273000
   0.0000028900    0.0054924200    0.0000134700
   0.0000034300    0.0055022300   -0.0000261800
   0.0000026600   -0.0054705100    0.0000410200
  -0.0000099700   -0.0054707500    0.0000558200
  -0.0000017100   -0.0054570000    0.0000186300
  -0.0000044800   -0.0054627300    0.0000392700
  -0.0000060900   -0.0054667600   -0.0000231100
   0.0000029300   -0.0054893900    0.0000251100
  -0.0000007900   -0.0053257900    0.0000088700
   0.0000710300   -0.0051519300   -0.0000185900
   0.0000332100   -0.0054003500   -0.0000551000
   0.0003963400   -0.0052778100   -0.0001114600
  -0.0000039700   -0.0055251900    0.0000059000
  -0.0000016600   -0.0055046600    0.0000101400
   0.0000011800   -0.0054983300    0.0000430800
  -0.0000017900   -0.0054835000    0.0000266400
   0.0000079500   -0.0054835500    0.0000144300
   0.0000161200   -0.0055220800    0.0000439600

1    
 -0.0046257503802354  -0.0058004478369895  -0.0067050159067758
   0.0652267800    0.3364208500    0.4104510600
  -0.0000139000   -0.0162955700   -0.0003227600
   0.0000695500   -0.0138256200   -0.0010971800
   0.0000013900   -0.0156388400   -0.0007904500
   0.0000034200   -0.0153903600   -0.0001376300
   0.0000019800   -0.0156197400   -0.0000219300
   0.0000673300   -0.0147761100   -0.0003180900
  -0.0000029500   -0.0162918800   -0.0003045500
   0.0017304400   -0.0513044400   -0.0155891200
   0.0000265600   -0.0149847900   -0.0005393800
   0.0000248200   -0.0157151200   -0.0000319300
   0.0000036700   -0.0152965600   -0.0001581200
  -0.0000033400   -0.0160002700   -0.0002627800
   0.0000029700   -0.0163018600   -0.0005650800
  -0.0003220500   -0.0155530200   -0.0026760200
  -0.0000104300   -0.0159847400   -0.0007201600
  -0.0003418500    0.0161082900    0.0001323200
   0.0000060400    0.0161344700   -0.0000341500
  -0.0000020800    0.0160095700    0.0000276100
   0.0000060800    0.0160420000    0.0000100700
  -0.0000049300    0.0160524800    0.0000043500
   0.0000045200    0.0160472800    0.0000431100
  -0.0000019100    0.0160366500    0.0000710300
  -0.0000055000    0.0160639200    0.0000187100
   0.0001285000    0.0160484200   -0.0002025900
   0.0000195500    0.0159650600   -0.0001561600
   0.0000004800    0.0159810700   -0.0000656800
   0.0000038300    0.0159666600   -0.0000764200
  -0.0000017500    0.0159914900   -0.0000702800
  -0.0000073500    0.0160087500   -0.0000506500
  -0.0000109400    0.0159130600   -0.0001738500
  -0.0000006200    0.0159804400   -0.0000608600
   0.0000381800    0.0053040300    0.0000070600
  -0.0269763800   -0.0380978900   -0.1061839800
   0.0000011700    0.0050449900    0.0006767700
  -0.0000803500    0.0047551000    0.0004806800
   0.0000012900    0.0055801400    0.0003259200
  -0.0000166800    0.0054747300    0.0004694900
  -0.0000056500    0.0052844800    0.0000149200
   0.0021270600    0.0095023100    0.0045796200
  -0.0016516200    0.0052236100    0.0084594600
   0.0000126200    0.0049695600    0.0005475300
   0.0000141500    0.0054891900    0.0002409500
   0.0000035800    0.0055319400    0.0004652500
   0.0000148800    0.0053336300    0.0001061700
   0.0000045200    0.0051835900    0.0001840100
  -0.0016463700   -0.0105270800   -0.0052175100
   0.0000091600    0.0052467900    0.0006412300
  -0.0002758800   -0.0055180100   -0.0001544300
   0.0000050100   -0.0054181200   -0.0000191100
   0.0000000100   -0.0054567100   -0.0000295700
  -0.0000041400   -0.0054610200   -0.0000554500
  -0.0000006900   -0.0054792700   -0.0000244400
  -0.0000066100   -0.0054625600   -0.0000614800
   0.0000229600   -0.0054008500   -0.0001311100
   0.0000049300   -0.0054769700   -0.0000351400
  -0.0000026900   -0.0054512000   -0.0000859500
  -0.0000121100   -0.0053878700    0.0000008900
  -0.0000013700   -0.0054339300   -0.0000536000
  -0.0000038400   -0.0054338600   -0.0000362400
  -0.0000002000   -0.0054132500   -0.0000151200
  -0.0000028700   -0.0054245100   -0.0000174000
  -0.0000572100   -0.0055272400    0.0001938600
   0.0000015000   -0.0054815300    0.0000332200
   0.0000178600   -0.0159984300   -0.0000014600
  -0.0000005600   -0.0159990600   -0.0000055300
  -0.0000025000   -0.0160213300    0.0000282500
  -0.0000038300   -0.0160336800    0.0000084100
   0.0000018200   -0.0160511500    0.0000014700
  -0.0000007100   -0.0160089100    0.0000090700
  -0.0000026200   -0.0160117700   -0.0000390400
  -0.0000009400   -0.0160192800   -0.0000322700
  -0.0000040700   -0.0159822200   -0.0001417500
  -0.0000012300   -0.0159801000   -0.0000935900
   0.0000003500   -0.0159906100   -0.0000947600
  -0.0000001100   -0.0159638000   -0.0001053600
   0.0000018800   -0.0159699900   -0.0000715700
  -0.0000006200   -0.0159979800   -0.0000989000
   0.0000016500   -0.0159794900   -0.0001016700
   0.0000033000   -0.0159811900   -0.0000658000
  -0.0003171900    0.0161380100    0.0001239800
  -0.0000006800    0.0161133100   -0.0000948200
   0.0000012900    0.0160325000    0.0000356700
  -0.0000028200    0.0160110500   -0.0000178100
   0.0000019300    0.0160313800    0.0000095700
  -0.0000064700    0.0160198900    0.0000561100
  -0.0000028200    0.0160486800    0.0000445500
   0.0000103300    0.0160612000    0.0000536100
  -0.0000942400    0.0158941800   -0.0002061400
  -0.0000163100    0.0160373000   -0.0001560500
   0.0000028500    0.0159884200   -0.0001079600
  -0.0000068800    0.0159922400   -0.0000463000
  -0.0000032000    0.0160310800   -0.0000954400
   0.0000069700    0.0159835200   -0.0000215300
   0.0000285900    0.0159238400   -0.0001155100
   0.0000042200    0.0160017400   -0.0000729000
  -0.0000027400    0.0054905800   -0.0000080300
  -0.0000019300    0.0054358100   -0.0000131400
  -0.0000025800    0.0054560100   -0.0000144600
   0.0000013000    0.0054820100   -0.0000333500
   0.0000002500    0.0054867900   -0.0000033400
   0.0000021900    0.0054316800   -0.0000099200
   0.0000045200    0.0054717000   -0.0000023600
   0.0000013100    0.0054714700    0.0000130900
   0.0000005200    0.0054486500   -0.0000148200
  -0.0000040300    0.0054236900   -0.0000020200
   0.0000004100    0.0054359200    0.0000062300
   0.0000010900    0.0054448200   -0.0000286700
   0.0000050700    0.0054378000    0.0000293600
   0.0000030500    0.0053995100   -0.0000196700
   0.0000039600    0.0054475300    0.0000056300
   0.0000019200    0.0054269600    0.0000093000
  -0.0001622500   -0.0053917700    0.0000334200
  -0.0000042200   -0.0054339500   -0.0000078500
   0.0000029300   -0.0054799300   -0.0000409000
  -0.0000006200   -0.0054348900   -0.0000399800
  -0.0000014400   -0.0054483000   -0.0000336000
   0.0000021800   -0.0054993800   -0.0000469900
  -0.0000243000   -0.0053673200   -0.0001184200
  -0.0000039100   -0.0054528700   -0.0000434100
  -0.0000000400   -0.0054160100    0.0000015400
   0.0000117800   -0.0053247200   -0.0000122400
   0.0000023400   -0.0054336200   -0.0000302100
  -0.0000004800   -0.0054283800   -0.0000717800
  -0.0000031900   -0.0054018100   -0.0000550600
  -0.0000048400   -0.0054084900   -0.0000017000
   0.0000522600   -0.0054974600    0.0001287200
  -0.0000026400   -0.0054095200   -0.0000346300
  -0.0003130000   -0.0186672100   -0.0008807200
  -0.0003152800   -0.0186713800   -0.0009227900
   0.0000208500   -0.0160084300   -0.0018691200
   0.0000209000   -0.0148611400   -0.0008524000
   0.0000014100   -0.0153603200   -0.0001080700
   0.0000020000   -0.0153703800   -0.0001178900
   0.0000229200   -0.0163570400    0.0004733900
   0.0000190000   -0.0175614100   -0.0005312100
   0.0000273400   -0.0158357400   -0.0012848900
   0.0018956100   -0.0081275500    0.0218140200
   0.0000059600   -0.0155635800   -0.0004009000
   0.0000227300   -0.0157700000   -0.0000576700
  -0.0000000500   -0.0161230700   -0.0003828500
  -0.0000028700   -0.0159984500   -0.0002024100
  -0.0000097000   -0.0157273600   -0.0005161600
  -0.0003216100   -0.0175714300   -0.0044094200
   0.0000441400    0.0160829600   -0.0000245700
  -0.0000221400    0.0160941500   -0.0000995900
   0.0000259200    0.0160729200    0.0000210000
   0.0000166700    0.0160151800    0.0000507600
  -0.0000108100    0.0160138900    0.0000265400
  -0.0000010500    0.0160323100    0.0000380900
   0.0000035300    0.0161081900   -0.0000043700
  -0.0000177900    0.0160504100    0.0000338700
   0.0000173500    0.0159953100   -0.0001619600
   0.0000735400    0.0159252400   -0.0000146300
   0.0000047800    0.0160218900   -0.0000650300
   0.0000018900    0.0160039900   -0.0000991200
  -0.0000051000    0.0159651500   -0.0000643300
   0.0000006700    0.0159749600   -0.0000500000
  -0.0000055600    0.0159601600   -0.0000999300
  -0.0000250200    0.0159662900   -0.0001286200
   0.0022059900    0.0080259200   -0.0052250200
   0.0000319200    0.0046045800   -0.0012525600
  -0.0000135900    0.0048871700    0.0011776600
   0.0000345200    0.0047626300    0.0010044500
  -0.0000033000    0.0055435800    0.0005360100
  -0.0000067100    0.0058207100    0.0006938000
   0.0000494900    0.0046121000   -0.0011775000
  -0.0001018100    0.0054185400    0.0001125800
  -0.0001408200    0.0050489800    0.0003395200
   0.0022383000   -0.0009967500    0.0026719400
   0.0000032000    0.0057222500    0.0005942500
   0.0000317000    0.0054780500    0.0002139400
   0.0000036800    0.0049483400   -0.0000982300
   0.0000315700    0.0053276600    0.0000131800
  -0.0001480400    0.0045925700   -0.0001298000
   0.0022202000    0.0055652800    0.0082448200
   0.0000093800   -0.0054717200   -0.0000658600
  -0.0000182100   -0.0053559100   -0.0000205200
  -0.0000002900   -0.0054616900   -0.0000263500
  -0.0000027500   -0.0054760200   -0.0000546400
  -0.0000020900   -0.0054612400    0.0000264400
   0.0000006700   -0.0054960100   -0.0000166800
   0.0000025500   -0.0054925900   -0.0000367300
   0.0000012500   -0.0054673400   -0.0000820700
  -0.0000023300   -0.0053841000    0.0000181800
   0.0000174700   -0.0053918100   -0.0000434200
  -0.0000001600   -0.0054114200   -0.0000392200
   0.0000028300   -0.0054150800   -0.0000388000
  -0.0000007800   -0.0054438400   -0.0000076100
   0.0000000100   -0.0053968000    0.0000025900
  -0.0000073100   -0.0054487600    0.0000376200
   0.0000902600   -0.0054573000   -0.0000941100
   0.0000000700   -0.0160646100   -0.0000201600
   0.0000029800   -0.0160271100    0.0000119000
   0.0000005800   -0.0160141400   -0.0000172700
   0.0000005900   -0.0160072800   -0.0000037600
   0.0000028600   -0.0160201100   -0.0000050100
   0.0000015000   -0.0160467000    0.0000137900
   0.0000017500   -0.0160760900   -0.0000319900
   0.0000009600   -0.0160440700   -0.0000037500
  -0.0000040800   -0.0160113600   -0.0000769200
  -0.0000030600   -0.0160168400   -0.0000898600
   0.0000000700   -0.0160001900   -0.0000996700
   0.0000008500   -0.0160049200   -0.0001051900
  -0.0000002100   -0.0159773700   -0.0001180700
   0.0000019800   -0.0160051400   -0.0000578800
   0.0000019100   -0.0160100100   -0.0000578700
   0.0000015500   -0.0160081900   -0.0000889500
  -0.0000227600    0.0160456600   -0.0000425000
   0.0000426100    0.0161645200   -0.0000934800
  -0.0000232000    0.0160501200   -0.0000124000
  -0.0000177200    0.0160446900    0.0000362000
   0.0000068000    0.0159933200    0.0000216300
  -0.0000021000    0.0160646300    0.0000239500
  -0.0000036800    0.0160625600    0.0000363700
   0.0000215200    0.0160467100    0.0000597100
  -0.0000153800    0.0159595400   -0.0001515000
  -0.0000287400    0.0159655400   -0.0001537600
  -0.0000048600    0.0160171500   -0.0001109900
  -0.0000017600    0.0159844700   -0.0000723500
   0.0000034200    0.0159960800   -0.0000619400
  -0.0000003500    0.0159964900   -0.0000572900
   0.0000078000    0.0159859000   -0.0000476200
   0.0000426700    0.0159508100   -0.0001026500
   0.0000012600    0.0054712100   -0.0000595000
   0.0000016500    0.0054815700    0.0000008300
   0.0000009300    0.0054831600   -0.0000147200
   0.0000004700    0.0054528200   -0.0000366500
   0.0000033500    0.0054603800   -0.0000005400
   0.0000001500    0.0054552100   -0.0000247900
   0.0000017300    0.0054391000   -0.0000181400
   0.0000040800    0.0054648300    0.0000015600
  -0.0000021700    0.0054135500    0.0000441100
  -0.0000003500    0.0053845300    0.0000003300
  -0.0000003800    0.0054083500    0.0000061600
   0.0000021700    0.0054121300   -0.0000035900
   0.0000018200    0.0054198500   -0.0000054300
   0.0000008100    0.0054467100   -0.0000047000
   0.0000036300    0.0054034700   -0.0000054900
   0.0000030300    0.0053820500    0.0000116400
  -0.0000059100   -0.0054805200   -0.0000303500
   0.0000218100   -0.0054031100   -0.0000231000
  -0.0000039400   -0.0054411400   -0.0000487200
   0.0000037700   -0.0054733900   -0.0000515300
  -0.0000024200   -0.0054775700    0.0000147500
  -0.0000009200   -0.0054812400   -0.0000308400
  -0.0000043300   -0.0054816300   -0.0000260400
  -0.0000069000   -0.0054982900   -0.0000480300
   0.0000053800   -0.0053586900    0.0000764800
   0.0000809700   -0.0054260100   -0.0000070800
  -0.0000015500   -0.0054132200   -0.0000435100
  -0.0000027100   -0.0054320000   -0.0000346500
  -0.0000046700   -0.0054030200   -0.0000453300
  -0.0000002600   -0.0054162200   -0.0000229700
   0.0000074700   -0.0054849100    0.0000406900
   0.0000039300   -0.0054420600   -0.0001288200
   0.0017466300   -0.0014549700   -0.0285078800
  -0.0000050500   -0.0155274000   -0.0002010700
  -0.0000041300   -0.0159517300   -0.0005675600
   0.0000000900   -0.0161074200   -0.0003225500
  -0.0000049900   -0.0158523500   -0.0006671200
  -0.0000018200   -0.0157201200   -0.0006413100
   0.0019053300    0.0025663400   -0.0321933600
  -0.0000087600   -0.0158080500   -0.0000106100
  -0.0003182000   -0.0183124500   -0.0035552100
  -0.0000037700   -0.0161721700    0.0000717200
  -0.0000012300   -0.0155603200   -0.0003913900
  -0.0000002000   -0.0154305600   -0.0007910700
   0.0000262200   -0.0144549100   -0.0010101700
   0.0000040700   -0.0158626300    0.0000357000
   0.0018597900   -0.0125383600    0.0256632600
   0.0000262100   -0.0171958600    0.0000808300
   0.0000744700    0.0159427500    0.0000061500
   0.0000035100    0.0160070400    0.0000400800
   0.0000029000    0.0159867000    0.0000228200
  -0.0000055400    0.0159759900    0.0000107400
  -0.0000011600    0.0159617200    0.0000053700
  -0.0000003700    0.0159956900    0.0000444500
  -0.0000912000    0.0159706900   -0.0000829300
   0.0000007000    0.0160084800    0.0000118500
   0.0000503600    0.0160149400    0.0001574400
  -0.0000012100    0.0159443800    0.0001124600
  -0.0000014300    0.0159813100    0.0001112000
   0.0000036200    0.0159847000    0.0001293800
  -0.0000200000    0.0159833700    0.0000867000
  -0.0000009900    0.0160211700    0.0001078000
   0.0001026100    0.0161911800    0.0001214700
  -0.0000195900    0.0161684600    0.0001430600
  -0.0000006900    0.0057243300    0.0004589700
   0.0021308200    0.0008227700   -0.0028844000
   0.0000010700    0.0051828300   -0.0000021600
  -0.0000142400    0.0050136600    0.0000805400
  -0.0000012400    0.0049845800    0.0006524100
  -0.0000801700    0.0041823600    0.0000825000
   0.0000344400    0.0057505600    0.0003666000
  -0.0262191300   -0.1179702600   -0.1790774600
  -0.0273351000   -0.1336770900   -0.0714845400
  -0.0000200500    0.0057612400   -0.0003343200
   0.0000067300    0.0041171900    0.0010094800
  -0.0000048400    0.0051130800   -0.0001984500
   0.0000010400    0.0049294800    0.0004645000
   0.0000090700    0.0050898700    0.0009930200
   0.0000088700    0.0048129700    0.0017874200
  -0.0000085000    0.0057816100    0.0002847600
  -0.0000245800   -0.0055236600   -0.0000534900
   0.0000030100   -0.0054488300    0.0000144900
  -0.0000014700   -0.0054928900    0.0000096800
  -0.0000058500   -0.0054562400   -0.0000164700
   0.0000050700   -0.0054800600   -0.0000140300
  -0.0000068000   -0.0054795200   -0.0000012100
  -0.0003029100   -0.0054506400    0.0002700800
   0.0000330100   -0.0056100800    0.0000560200
   0.0000759000   -0.0056653300   -0.0000128200
   0.0000528900   -0.0056596200   -0.0000337600
  -0.0000179600   -0.0055696700   -0.0000331200
  -0.0000067200   -0.0055031400   -0.0000176900
   0.0000006700   -0.0055151100    0.0000033800
  -0.0000027200   -0.0055342100   -0.0000174100
  -0.0000167200   -0.0055586000    0.0000597200
   0.0000022400   -0.0055438800   -0.0000532600
  -0.0000051200   -0.0159900300   -0.0000225400
  -0.0000031800   -0.0159626800    0.0000101000
   0.0000015200   -0.0159752800   -0.0000202800
   0.0000000500   -0.0160011900   -0.0000163200
   0.0000009900   -0.0160027700    0.0000257400
   0.0000017200   -0.0159710600   -0.0000080100
  -0.0000018100   -0.0159661600   -0.0000084000
   0.0000012000   -0.0159435900    0.0000092700
   0.0000003700   -0.0159686700    0.0000995100
  -0.0000036200   -0.0159810800    0.0000845400
   0.0000016000   -0.0159720300    0.0000521000
   0.0000014400   -0.0159798300    0.0001057100
   0.0000027700   -0.0159513200    0.0001025700
   0.0000044400   -0.0159997300    0.0000748600
  -0.0000019800   -0.0159673800    0.0001163100
  -0.0000013800   -0.0159940900    0.0000866300
  -0.0000238400    0.0160009700   -0.0001091600
  -0.0000030600    0.0159682300    0.0000924700
  -0.0000016600    0.0159654900    0.0000066300
   0.0000037600    0.0159758300    0.0000211500
   0.0000017900    0.0159643600    0.0000202100
  -0.0000046000    0.0159716400    0.0000082200
   0.0001361100    0.0160419800    0.0000477800
   0.0000001200    0.0159721700    0.0000302500
  -0.0000281500    0.0160298800    0.0001113200
   0.0000054600    0.0159623500    0.0000879900
   0.0000012800    0.0160032500    0.0001648600
  -0.0000054800    0.0159933600    0.0000768200
   0.0000156100    0.0159913200    0.0000826500
  -0.0000026400    0.0160276600    0.0001341300
  -0.0000707400    0.0160220300    0.0001098700
   0.0000205900    0.0161642200    0.0001568700
  -0.0000024300    0.0054464700    0.0000204900
  -0.0000018700    0.0054490000    0.0000495500
  -0.0000014300    0.0054598200    0.0000359300
   0.0000018400    0.0054681500    0.0000172300
   0.0000000900    0.0054848800   -0.0000054300
  -0.0000000500    0.0054393800   -0.0000120800
  -0.0000002300    0.0054926500    0.0000020700
   0.0000001100    0.0054911700    0.0000172300
  -0.0000088500    0.0055569900   -0.0000020900
  -0.0000018800    0.0055326500   -0.0000122600
  -0.0000020600    0.0054965800    0.0000208400
  -0.0000044800    0.0055337000    0.0000194500
   0.0000029600    0.0055157800   -0.0000031700
  -0.0000005200    0.0055011900    0.0000349400
   0.0000008100    0.0055597300   -0.0000064800
   0.0000020600    0.0055117900   -0.0000034300
   0.0000295300   -0.0054804100   -0.0000173600
  -0.0000052900   -0.0055022400    0.0000032500
  -0.0000002200   -0.0054980000    0.0000283900
   0.0000027200   -0.0054966200   -0.0000073200
  -0.0000055600   -0.0054888500   -0.0000271200
   0.0000031800   -0.0054636500   -0.0000260900
  -0.0001455400   -0.0053187300    0.0000377500
  -0.0000340700   -0.0056563200    0.0000528000
   0.0000034800   -0.0056107100   -0.0000282000
  -0.0000630000   -0.0056721900   -0.0000025100
   0.0000070600   -0.0055068900   -0.0000189600
   0.0000055800   -0.0054792600    0.0000207800
  -0.0000015200   -0.0055171800    0.0000374000
  -0.0000004400   -0.0054797200   -0.0000080700
   0.0000036100   -0.0055233500    0.0000432900
  -0.0000025800   -0.0055633800   -0.0000305900
   0.0000896700   -0.0168136300   -0.0001916700
   0.0000838900   -0.0143551300    0.0019570300
  -0.0000063900   -0.0163437300   -0.0006240900
  -0.0000094600   -0.0161392800   -0.0004165000
  -0.0000064100   -0.0154647700   -0.0009893700
  -0.0000071300   -0.0156779600   -0.0011819100
   0.0000821600   -0.0145111200    0.0020721800
   0.0000803400   -0.0169707700   -0.0000509400
  -0.0000034400   -0.0164205400   -0.0001666800
  -0.0003257100   -0.0163033700   -0.0018581700
   0.0000004600   -0.0156664800   -0.0009557100
  -0.0000024300   -0.0156063400   -0.0004223200
   0.0000042300   -0.0155708400    0.0002987400
   0.0000221900   -0.0144244500   -0.0009848800
   0.0000244600   -0.0163654000    0.0008299900
   0.0019260700   -0.0562231100   -0.0120329400
  -0.0000000600    0.0160010100   -0.0000222800
   0.0000134700    0.0159490000    0.0000402300
   0.0000129200    0.0159743400   -0.0000281200
  -0.0000002000    0.0159808500   -0.0000044700
  -0.0000130900    0.0160031100   -0.0000161700
  -0.0000050600    0.0159736500    0.0000100000
   0.0000003400    0.0160450500    0.0000266300
  -0.0000006700    0.0159906200    0.0001006400
   0.0000049800    0.0160098400    0.0001205200
   0.0000204400    0.0159950600    0.0001059400
   0.0000061000    0.0160348900    0.0001105900
  -0.0000005400    0.0160092200    0.0001019100
  -0.0000058100    0.0159838300    0.0001026800
  -0.0000032900    0.0160113400    0.0000909900
   0.0000089200    0.0161105700    0.0001420000
  -0.0001435700    0.0160452300    0.0001133600
   0.0000481300    0.0070856000    0.0012103300
  -0.0000982100    0.0051437900    0.0000135400
  -0.0000029100    0.0049545400    0.0001212000
  -0.0000079700    0.0049981600    0.0000221800
  -0.0000109100    0.0041159300    0.0004802100
   0.0000340100    0.0053226900    0.0014718100
   0.0022141600    0.0114354400   -0.0022726700
   0.0000303900    0.0070281300    0.0005145100
  -0.0002451100    0.0076960500    0.0002507800
  -0.0018434600    0.0099841600   -0.0122780800
   0.0000104800    0.0055065500    0.0000354300
  -0.0002669900    0.0044462700    0.0007854500
   0.0000005700    0.0047912000    0.0008123400
  -0.0000026200    0.0048612900    0.0004416200
   0.0000089800    0.0057613700    0.0001353700
  -0.0002690800    0.0073607700    0.0032669500
   0.0000011500   -0.0054463500    0.0000364900
  -0.0000076700   -0.0054598300   -0.0000096200
  -0.0000012200   -0.0054648200    0.0000173600
  -0.0000031000   -0.0054872700    0.0000091300
  -0.0000090100   -0.0054848900    0.0000493700
   0.0000031700   -0.0054896400   -0.0000266500
   0.0000065100   -0.0056206200    0.0000567600
   0.0000763900   -0.0057538900    0.0000304100
   0.0000374800   -0.0056462300   -0.0000007300
  -0.0001123300   -0.0054030900    0.0001019800
  -0.0000037400   -0.0054830100    0.0000053500
   0.0000054400   -0.0055257600    0.0000117500
  -0.0000021600   -0.0055230500   -0.0000275200
  -0.0000009200   -0.0055001200   -0.0000281800
   0.0000034400   -0.0055338600   -0.0000310300
   0.0000159000   -0.0054967300   -0.0000222400
  -0.0000006500   -0.0159831100    0.0000073300
   0.0000002100   -0.0159666200   -0.0000092000
  -0.0000007000   -0.0159724700   -0.0000110500
   0.0000008700   -0.0159798500   -0.0000141000
   0.0000000900   -0.0160192900    0.0000185900
   0.0000006400   -0.0159576500   -0.0000218900
   0.0000039200   -0.0159939500    0.0000316000
   0.0000028500   -0.0159951700   -0.0000009000
  -0.0000021500   -0.0160137500    0.0001129800
  -0.0000024000   -0.0160417500    0.0000979600
   0.0000002000   -0.0160029000    0.0000839900
   0.0000012400   -0.0160020600    0.0000731600
  -0.0000003100   -0.0159584600    0.0000769500
  -0.0000005500   -0.0159822600    0.0000410300
   0.0000019900   -0.0160195000    0.0000657800
  -0.0000025300   -0.0160418500    0.0000942300
  -0.0000017200    0.0159999900   -0.0000146200
  -0.0000145100    0.0159308100    0.0000281000
  -0.0000113700    0.0160044600   -0.0000273100
   0.0000006400    0.0159697500   -0.0000221500
   0.0000121700    0.0159686900   -0.0000283500
   0.0000057400    0.0159910700    0.0000368400
  -0.0000043500    0.0160377400    0.0000472400
  -0.0000027600    0.0159887700    0.0001021400
   0.0000002700    0.0160158000    0.0001355000
   0.0000020600    0.0159813200    0.0000699600
  -0.0000080900    0.0160175400    0.0001412700
   0.0000004900    0.0160101000    0.0001082500
   0.0000024100    0.0160211100    0.0000868800
   0.0000026700    0.0159901500    0.0000726400
  -0.0000062800    0.0160844300    0.0000963400
   0.0001839100    0.0160924300    0.0002549700
   0.0000018200    0.0054872000    0.0000365100
  -0.0000012300    0.0054946700    0.0000131100
   0.0000016000    0.0054610800   -0.0000066600
   0.0000036800    0.0054740400    0.0000324400
   0.0000034000    0.0054376000    0.0000375300
   0.0000023800    0.0054742800    0.0000269000
   0.0000022800    0.0054693700    0.0000437200
   0.0000017200    0.0054584600    0.0000081900
  -0.0000007700    0.0054359000   -0.0000114000
   0.0000027700    0.0054883400    0.0000237200
  -0.0000002400    0.0055096600   -0.0000230700
   0.0000002200    0.0054747400   -0.0000165800
   0.0000005600    0.0055223800    0.0000002500
   0.0000019200    0.0054994100    0.0000346200
   0.0000023800    0.0054880000    0.0000031800
   0.0000039100    0.0055039500   -0.0000245500
  -0.0000042700   -0.0054581000    0.0000595200
   0.0000053400   -0.0054768800   -0.0000044100
  -0.0000013000   -0.0054576100    0.0000626200
   0.0000018000   -0.0054816200    0.0000314300
   0.0000017000   -0.0055181800    0.0000108300
  -0.0000015400   -0.0054881900   -0.0000560800
  -0.0000036000   -0.0055628400    0.0000213700
  -0.0000774700   -0.0058228500    0.0000041700
  -0.0000313900   -0.0056458800   -0.0000740400
  -0.0003963200   -0.0057057400    0.0001061300
   0.0000023300   -0.0055091300    0.0000061500
  -0.0000013700   -0.0055361900    0.0000113400
  -0.0000016900   -0.0055074000   -0.0000165300
   0.0000029500   -0.0055096000   -0.0000144800
  -0.0000019200   -0.0055263100    0.0000104500
  -0.0000147000   -0.0055171700   -0.0000284700

33   
  0.0046257503802354   0.0058004478369895   0.0067050159067758
  -0.0000359400   -0.0158604200    0.0000233400
   0.0269794500    0.0274801700    0.1062818600
   0.0000031600   -0.0157907600   -0.0000785700
  -0.0021230100   -0.0200487800   -0.0045884300
   0.0000015100   -0.0160981000   -0.0003344400
   0.0000156500   -0.0160285200   -0.0004538200
   0.0000035000   -0.0156177300   -0.0007027500
   0.0000811000   -0.0153035700   -0.0005309200
   0.0002436800   -0.0181813600   -0.0003776200
   0.0018435300   -0.0204630700    0.0121986600
  -0.0000079900   -0.0161621500   -0.0003014700
   0.0002686900   -0.0178360400   -0.0034181800
  -0.0000005600   -0.0152935000   -0.0008961400
   0.0000050300   -0.0153309300   -0.0005176700
  -0.0000060400   -0.0160029800   -0.0000692700
   0.0002648000   -0.0149458300   -0.0008745600
  -0.0000040400    0.0160576700    0.0000470300
   0.0001732300    0.0159405400   -0.0000592800
   0.0000007200    0.0160017000    0.0000211500
   0.0000375100    0.0159880800    0.0001556300
  -0.0000024900    0.0160386300    0.0000050600
   0.0000026300    0.0160266700    0.0000132000
   0.0000065600    0.0160248100    0.0000726900
  -0.0000045100    0.0160567900    0.0000092300
  -0.0000359000    0.0161034100   -0.0000881600
  -0.0000107800    0.0160904800   -0.0000981200
  -0.0000019600    0.0159960700   -0.0000988500
   0.0000494700    0.0160503700   -0.0001121300
   0.0000065700    0.0160030900   -0.0000626800
  -0.0000080400    0.0160122000   -0.0000634300
   0.0000008600    0.0159896000   -0.0000442600
  -0.0000120800    0.0159824500   -0.0000762900
  -0.0650292200   -0.3471886300   -0.4107300500
   0.0000118700    0.0058614000    0.0002772200
  -0.0000426400    0.0043504700    0.0001642100
   0.0000021200    0.0056997900    0.0002499200
  -0.0000010200    0.0048656700    0.0001278600
  -0.0000018400    0.0050587900    0.0000340900
  -0.0000512300    0.0033106600    0.0010381800
   0.0000017900    0.0051409000    0.0006949800
  -0.0000253700    0.0057984900   -0.0006331800
  -0.0020324200    0.0448895000    0.0122331400
  -0.0000016000    0.0049893100   -0.0001600800
  -0.0000215400    0.0039326000    0.0010166900
   0.0000002200    0.0050662300    0.0010179300
   0.0000044200    0.0050264500    0.0005257700
   0.0000028900    0.0059129600    0.0002620900
   0.0003076800    0.0056549800    0.0018618900
   0.0000561900   -0.0056232100   -0.0000169400
   0.0001916200   -0.0055219900    0.0000703300
   0.0000049500   -0.0054501200   -0.0000260600
  -0.0000322100   -0.0055344500   -0.0001016000
  -0.0000041300   -0.0054746200   -0.0000256100
  -0.0000037600   -0.0054533200   -0.0000357800
  -0.0000012100   -0.0054980400   -0.0000679100
  -0.0000006000   -0.0054885900   -0.0000236900
   0.0000460800   -0.0055138200   -0.0000180300
   0.0000718600   -0.0054908500    0.0000910500
  -0.0000014600   -0.0054188200   -0.0000441700
  -0.0000119800   -0.0054597200   -0.0000312200
  -0.0000019300   -0.0054221500   -0.0000373800
  -0.0000032000   -0.0054249900   -0.0000088100
  -0.0000018500   -0.0054651800   -0.0000166300
  -0.0000127300   -0.0054549300    0.0000503900
  -0.0000009100   -0.0160068400   -0.0000113800
  -0.0000000900   -0.0159947600   -0.0000144100
  -0.0000026600   -0.0160190200    0.0000197300
  -0.0000037200   -0.0160356700    0.0000242200
   0.0000019700   -0.0160488500    0.0000017100
  -0.0000007900   -0.0160131900    0.0000003200
  -0.0000027400   -0.0160211200   -0.0000324500
  -0.0000003000   -0.0160213600   -0.0000297400
  -0.0000000700   -0.0159643000   -0.0001269300
  -0.0000024100   -0.0159732300   -0.0001107900
   0.0000004400   -0.0159823400   -0.0000880300
  -0.0000005900   -0.0159685400   -0.0000981800
   0.0000019300   -0.0159715700   -0.0000878900
  -0.0000003600   -0.0159941100   -0.0000978100
   0.0000015200   -0.0159933800   -0.0000957600
   0.0000027200   -0.0159809100   -0.0000688800
   0.0000060500    0.0161011600    0.0000561600
   0.0002679900    0.0158164900   -0.0001270900
   0.0000015700    0.0160326500    0.0000286200
  -0.0000363500    0.0159512000    0.0001036600
  -0.0000002700    0.0160084400    0.0000133000
  -0.0000038900    0.0160081600    0.0000235700
  -0.0000085700    0.0160315000    0.0000428500
   0.0000051000    0.0160537300    0.0000378800
   0.0000445200    0.0161907400   -0.0000782700
  -0.0000702100    0.0162072700   -0.0000701300
   0.0000053000    0.0159843800   -0.0001319800
  -0.0000418200    0.0160640900   -0.0000798000
  -0.0000111500    0.0160416600   -0.0000856500
   0.0000044700    0.0159909700   -0.0000437400
  -0.0000028500    0.0160150500   -0.0000234000
   0.0000229500    0.0159801400   -0.0000887200
   0.0000403100    0.0054862900   -0.0000007200
  -0.0000027700    0.0054277000   -0.0000197100
  -0.0000025700    0.0054463900   -0.0000039600
   0.0000015000    0.0054812300   -0.0000322600
  -0.0000001100    0.0054887200   -0.0000116300
   0.0000021200    0.0054293400   -0.0000216700
   0.0000045800    0.0054743500   -0.0000093500
   0.0000008500    0.0054619300    0.0000295400
  -0.0000013900    0.0054471000   -0.0000087500
  -0.0000117500    0.0054269200   -0.0000055400
   0.0000002000    0.0054433100    0.0000052300
   0.0000006100    0.0054439700   -0.0000311100
   0.0000048700    0.0054387600    0.0000282000
   0.0000027300    0.0054041300   -0.0000169200
   0.0000021100    0.0054276300    0.0000011800
   0.0000021500    0.0054277800    0.0000059200
  -0.0000514400   -0.0057227300   -0.0000166600
   0.0002605000   -0.0054895500    0.0000799900
  -0.0000049300   -0.0054664700   -0.0000437100
   0.0000245000   -0.0055003700   -0.0000677100
   0.0000029100   -0.0054388400   -0.0000325800
  -0.0000003100   -0.0054916600   -0.0000246800
  -0.0000007800   -0.0054945100   -0.0000122700
  -0.0000002900   -0.0054413400   -0.0000453000
  -0.0000491900   -0.0055606300   -0.0000083900
  -0.0000730000   -0.0054821300   -0.0000013800
   0.0000044300   -0.0054110700   -0.0000185700
   0.0000078000   -0.0054457100   -0.0000641500
  -0.0000011600   -0.0054060400   -0.0000776900
  -0.0000032700   -0.0054061300    0.0000100900
   0.0000034700   -0.0054529400   -0.0000232700
   0.0000100000   -0.0054000200    0.0000037400
  -0.0022062800   -0.0186733200    0.0052533900
  -0.0000334700   -0.0153694500    0.0013747300
  -0.0000510600   -0.0150464900    0.0010649200
   0.0000957400   -0.0159697900   -0.0001603500
  -0.0000008700   -0.0160877000   -0.0005411100
   0.0000065100   -0.0163711700   -0.0006904400
   0.0000121100   -0.0154701800   -0.0011757400
  -0.0000373100   -0.0153548100   -0.0010102700
   0.0273436000    0.1231962500    0.0713753100
   0.0000213600   -0.0162147000    0.0002579900
  -0.0000035400   -0.0153613100   -0.0018380700
   0.0000067700   -0.0162090100   -0.0004154500
   0.0000014800   -0.0154247800   -0.0005618900
  -0.0000060600   -0.0155814200   -0.0010668200
  -0.0000096500   -0.0145082700   -0.0012306400
   0.0000090200   -0.0156654600    0.0001521200
  -0.0000275200    0.0160939300    0.0001466600
  -0.0000004000    0.0160482900    0.0000679900
   0.0000009700    0.0160135900    0.0000605500
   0.0000020100    0.0159981800    0.0000174100
   0.0000025200    0.0160158300    0.0000564200
   0.0000092300    0.0160281200    0.0000070500
  -0.0000056700    0.0160604600    0.0000183800
  -0.0000136900    0.0160168600   -0.0000071900
   0.0000893100    0.0159343200   -0.0002154300
   0.0000040700    0.0161016300   -0.0000860400
   0.0000121300    0.0159922400   -0.0000595300
   0.0000070400    0.0160081700   -0.0001190900
  -0.0000030500    0.0159770200   -0.0000647200
   0.0000097400    0.0159855300   -0.0000399500
  -0.0000026000    0.0159834900   -0.0000878500
  -0.0000033100    0.0160116600   -0.0000731200
   0.0002939200    0.0082130100    0.0007005600
   0.0002958300    0.0081998600    0.0007467100
  -0.0000253500    0.0057287400   -0.0004049100
  -0.0000231800    0.0068454700    0.0005588700
  -0.0000043500    0.0048494100    0.0000771100
  -0.0000008700    0.0048432900    0.0001059100
  -0.0000234100    0.0054289700    0.0018128500
  -0.0000277900    0.0043255100    0.0008240800
  -0.0019632700    0.0019318100   -0.0248092100
  -0.0000251600    0.0065770300    0.0000175500
  -0.0000229400    0.0039139300    0.0009963400
   0.0000002600    0.0052293000    0.0000722700
   0.0000025600    0.0050020500    0.0005139500
   0.0000014500    0.0048690900    0.0008621900
   0.0003018700    0.0077990200    0.0037243900
  -0.0000008900    0.0055990200   -0.0000239800
   0.0001966000   -0.0055010800   -0.0000565300
   0.0000496300   -0.0055995600    0.0000105400
   0.0000038800   -0.0054575400   -0.0000411500
   0.0000094300   -0.0054598700    0.0000050400
  -0.0000029000   -0.0054699500   -0.0000168200
  -0.0000018000   -0.0054966400    0.0000280900
  -0.0000002200   -0.0055000000   -0.0000553900
  -0.0000074700   -0.0054767000   -0.0000196400
   0.0000115000   -0.0054385200   -0.0000729800
   0.0000327300   -0.0055055300    0.0000053800
   0.0000024700   -0.0054242500   -0.0000366900
  -0.0000029600   -0.0054042600   -0.0000241900
  -0.0000044800   -0.0054598400   -0.0000215300
  -0.0000025200   -0.0054073500   -0.0000090700
   0.0000114300   -0.0053926100   -0.0000065700
   0.0000059800   -0.0054249400    0.0000047000
  -0.0000012800   -0.0160541600   -0.0000205900
   0.0000022800   -0.0160125300    0.0000029900
   0.0000004900   -0.0160180400   -0.0000070200
   0.0000005600   -0.0159992900    0.0000017000
   0.0000024200   -0.0160206400   -0.0000115500
   0.0000018300   -0.0160452700    0.0000087000
   0.0000020700   -0.0160717300   -0.0000382800
   0.0000009800   -0.0160399000    0.0000038400
   0.0000055400   -0.0160158900   -0.0000842500
   0.0000005300   -0.0160248800   -0.0000912700
   0.0000002300   -0.0159999100   -0.0000863500
   0.0000008900   -0.0160057400   -0.0001031600
  -0.0000008300   -0.0159799100   -0.0001180900
   0.0000021100   -0.0160038200   -0.0000725100
   0.0000025900   -0.0160095300   -0.0000639600
   0.0000013300   -0.0159976700   -0.0000679600
   0.0000246800    0.0161501700    0.0001943700
  -0.0000041400    0.0160756700    0.0000727600
   0.0000009500    0.0160108100    0.0000304700
  -0.0000041200    0.0160317200    0.0000242000
  -0.0000053500    0.0159789600    0.0000463700
  -0.0000103400    0.0160606300   -0.0000093500
   0.0000008900    0.0160367900    0.0000474500
   0.0000172400    0.0160072200   -0.0000087600
   0.0004100100    0.0161548500   -0.0001989900
  -0.0000051400    0.0161153100   -0.0000840500
  -0.0000123700    0.0160013300   -0.0001144600
  -0.0000080200    0.0159856300   -0.0000995200
  -0.0000005800    0.0160091200   -0.0000664200
  -0.0000070800    0.0160086700   -0.0000458900
   0.0000018200    0.0160195800   -0.0000312000
   0.0000013800    0.0159790800   -0.0000671300
  -0.0000000400    0.0054635800   -0.0000550600
   0.0000013500    0.0054721900   -0.0000005000
   0.0000008700    0.0054844300   -0.0000234500
  -0.0000003300    0.0054571500   -0.0000330900
   0.0000028100    0.0054582700   -0.0000083900
  -0.0000000900    0.0054572000   -0.0000360100
   0.0000011700    0.0054395100   -0.0000155200
   0.0000031900    0.0054714000    0.0000041200
  -0.0000102300    0.0054058700    0.0000379400
  -0.0000014300    0.0053888500    0.0000071000
  -0.0000005800    0.0054130300    0.0000049400
   0.0000023100    0.0054157700   -0.0000038600
   0.0000014700    0.0054247100   -0.0000019500
   0.0000006900    0.0054505600   -0.0000036600
   0.0000039800    0.0054104100   -0.0000020600
   0.0000026300    0.0053884700    0.0000108900
  -0.0001656400   -0.0058090000   -0.0000339500
  -0.0000299500   -0.0056480100    0.0000200600
   0.0000040400   -0.0054378000   -0.0000897200
  -0.0000105000   -0.0054680900   -0.0000142900
   0.0000007600   -0.0054836300   -0.0000135400
   0.0000009100   -0.0054857900    0.0000144400
   0.0000083500   -0.0054813000   -0.0000434000
   0.0000041200   -0.0054968600    0.0000330400
   0.0001048400   -0.0054697900    0.0000811000
  -0.0000247400   -0.0055680400   -0.0000115100
  -0.0000009700   -0.0054255200   -0.0000429200
   0.0000032100   -0.0054202500   -0.0000126700
   0.0000008000   -0.0054190200   -0.0000572900
   0.0000015400   -0.0054265400   -0.0000377400
   0.0000072900   -0.0054409300    0.0000132000
  -0.0000060800   -0.0054093400    0.0000082500
  -0.0000382700   -0.0162241900   -0.0003935300
   0.0262139400    0.1076051700    0.1790290900
   0.0000018000   -0.0154693200   -0.0006787700
   0.0000839600   -0.0146888000   -0.0000905500
   0.0000007600   -0.0156988300    0.0000303000
   0.0000165200   -0.0155266200   -0.0000454200
   0.0000030100   -0.0162368600   -0.0003709000
  -0.0021320300   -0.0113173700    0.0028623500
   0.0001462700   -0.0151139800    0.0001988000
  -0.0022213200   -0.0161045200   -0.0082013400
  -0.0000016300   -0.0154891800    0.0001919600
  -0.0000304000   -0.0158749600    0.0000655600
  -0.0000010600   -0.0163044500   -0.0005065300
  -0.0000287200   -0.0160854600   -0.0001017300
   0.0001437700   -0.0156798200   -0.0001676800
  -0.0022373400   -0.0096014100   -0.0024987800
  -0.0000035600    0.0160745500   -0.0000810300
   0.0004368300    0.0160980800   -0.0000027800
   0.0000092300    0.0159927200    0.0000060100
  -0.0000089700    0.0159785900    0.0000083000
   0.0000031200    0.0159749700    0.0000289700
  -0.0000078300    0.0160000300    0.0000126000
  -0.0000036700    0.0159789600    0.0000242600
  -0.0000073300    0.0160043600   -0.0000117500
   0.0000140600    0.0159556400    0.0000740400
   0.0000574800    0.0161339200   -0.0000019300
   0.0000049800    0.0159842000    0.0001119700
  -0.0000051200    0.0159887300    0.0001150900
  -0.0000050700    0.0160050400    0.0001134800
  -0.0000028200    0.0160058200    0.0000756300
   0.0000012900    0.0159822400    0.0001419200
  -0.0000257800    0.0159806400    0.0000894800
  -0.0019923900   -0.0125318900    0.0318314500
   0.0000083100    0.0052474200    0.0000345400
   0.0000019400    0.0053541700    0.0006732100
   0.0000030400    0.0051731600    0.0006870100
  -0.0000000700    0.0054207800    0.0005698000
   0.0000027800    0.0056179500    0.0002759900
  -0.0018390600   -0.0089038700    0.0284174100
   0.0000087700    0.0051038100    0.0001907400
  -0.0000260600    0.0054275000    0.0010076500
  -0.0020009700   -0.0017706000   -0.0216758900
   0.0000013400    0.0052243100    0.0003695300
   0.0003101900    0.0070637400    0.0044392000
   0.0000028500    0.0056118900    0.0002863700
   0.0000050600    0.0055154500    0.0001327000
   0.0000012100    0.0050922800    0.0002579200
  -0.0000228000    0.0052909900   -0.0000910600
  -0.0000132400   -0.0054270900    0.0000360700
  -0.0001591800   -0.0054976700   -0.0000290300
   0.0000016000   -0.0054766000    0.0000046100
  -0.0000035000   -0.0054743700   -0.0000137000
  -0.0000039800   -0.0054964900   -0.0000218000
  -0.0000035100   -0.0054416500    0.0000154800
  -0.0000025900   -0.0054598700    0.0000387200
   0.0000143200   -0.0054624600    0.0000736900
   0.0000155700   -0.0055614800   -0.0000174100
  -0.0000306300   -0.0055590500    0.0000181700
  -0.0000028000   -0.0055023800    0.0000470600
   0.0000085100   -0.0054972500    0.0000683900
  -0.0000007500   -0.0055090700   -0.0000088200
  -0.0000050900   -0.0055289900   -0.0000022500
  -0.0000035800   -0.0055205100   -0.0000215300
  -0.0000012000   -0.0055122500   -0.0000344100
  -0.0000025300   -0.0159931100   -0.0000010200
  -0.0000033400   -0.0159893000   -0.0000217100
   0.0000014300   -0.0159735200   -0.0000210900
   0.0000003300   -0.0160079200   -0.0000049600
   0.0000012900   -0.0160093900    0.0000219100
   0.0000017900   -0.0159769500    0.0000011400
   0.0000004100   -0.0159756800    0.0000015500
   0.0000009800   -0.0159446300    0.0000120100
   0.0000002400   -0.0159610800    0.0001075800
  -0.0000040600   -0.0159738500    0.0000883100
   0.0000015500   -0.0159703300    0.0000571800
   0.0000014800   -0.0159802100    0.0001100400
   0.0000029600   -0.0159482400    0.0001009000
   0.0000043100   -0.0159968600    0.0000778100
   0.0000014600   -0.0159571900    0.0000997800
  -0.0000015000   -0.0159873900    0.0000910000
   0.0000066800    0.0161152800   -0.0001094300
   0.0000163000    0.0159502900    0.0000556700
  -0.0000088400    0.0159704100   -0.0000050900
   0.0000038800    0.0159808400    0.0000128900
  -0.0000042200    0.0159721300    0.0000390200
   0.0000016700    0.0159753500   -0.0000181400
   0.0000031000    0.0160086400    0.0000493500
   0.0000079700    0.0159652700    0.0000400700
  -0.0000119800    0.0159751700    0.0000614200
  -0.0000517700    0.0161036700    0.0000113000
  -0.0000042100    0.0160058300    0.0001617200
   0.0000016600    0.0159960900    0.0000718300
   0.0000013900    0.0159991500    0.0000969600
  -0.0000003300    0.0160183200    0.0000984600
  -0.0000034200    0.0159561500    0.0001271500
   0.0000272900    0.0159225900    0.0000405300
  -0.0000098500    0.0054397500    0.0000158100
  -0.0000021200    0.0054466900    0.0000487500
  -0.0000016000    0.0054551700    0.0000294300
   0.0000022700    0.0054674000    0.0000272800
   0.0000001700    0.0054829100   -0.0000082300
   0.0000000900    0.0054324600   -0.0000045500
  -0.0000073900    0.0054915600    0.0000145900
  -0.0000001900    0.0054613900   -0.0000087900
  -0.0000004400    0.0055449900   -0.0000037800
  -0.0000093800    0.0055218900   -0.0000129600
  -0.0000018400    0.0054972800    0.0000133500
  -0.0000041000    0.0055406300    0.0000375500
   0.0000025200    0.0055160500   -0.0000081400
  -0.0000006600    0.0055010200    0.0000186700
   0.0000006800    0.0055560300    0.0000042700
   0.0000014100    0.0055135000   -0.0000065400
   0.0000173800   -0.0053976100    0.0000458600
   0.0001070300   -0.0054777200    0.0000676400
  -0.0000030000   -0.0054773200    0.0000160400
   0.0000010700   -0.0055156400   -0.0000004600
   0.0000014700   -0.0054957800   -0.0000318300
   0.0000012000   -0.0054359400   -0.0000108200
   0.0000007200   -0.0054569500   -0.0000108800
  -0.0000672400   -0.0054401100   -0.0000384500
  -0.0000201600   -0.0056185100   -0.0000087600
   0.0000287800   -0.0055529400    0.0001233200
   0.0000043600   -0.0054576800    0.0000155100
  -0.0000100200   -0.0054690100    0.0000928600
  -0.0000008400   -0.0055022200    0.0000235600
   0.0000024600   -0.0054844700    0.0000089000
   0.0000020400   -0.0055014900    0.0000034900
   0.0000001900   -0.0055222000   -0.0000209400
  -0.0022142400   -0.0219579700    0.0022488300
  -0.0000302800   -0.0174012300   -0.0006495600
   0.0000121800   -0.0146255500   -0.0005136800
  -0.0000369900   -0.0158467000   -0.0014627700
   0.0000006700   -0.0154616400   -0.0000857500
   0.0000071000   -0.0155052600   -0.0000211300
  -0.0000504100   -0.0178061500   -0.0010902900
   0.0000962300   -0.0157199200    0.0000441800
   0.0016502600    0.0000471600    0.0053038300
  -0.0000121300   -0.0157419900   -0.0006113100
  -0.0000137700   -0.0159314100    0.0000053700
  -0.0000020800   -0.0157603900   -0.0000768900
  -0.0000126400   -0.0160445600   -0.0001418700
  -0.0000040400   -0.0161253600   -0.0004218000
   0.0016515100   -0.0158683300   -0.0082723000
  -0.0000111700   -0.0155900400   -0.0004023200
  -0.0000463600    0.0160766700   -0.0001569800
   0.0000259600    0.0160560300   -0.0000718600
   0.0000156400    0.0159743000    0.0000058100
   0.0000226300    0.0160230000   -0.0000451800
   0.0000002200    0.0160185400    0.0000042800
  -0.0000104500    0.0159588700   -0.0000382300
  -0.0000148400    0.0159971000    0.0000394100
  -0.0000014400    0.0159685600    0.0000113100
  -0.0000175600    0.0159646000    0.0001919600
   0.0000179200    0.0160230300    0.0000568300
   0.0000010200    0.0160239400    0.0000901700
   0.0000019800    0.0160040400    0.0000989700
  -0.0000037300    0.0159654200    0.0000955800
  -0.0000010600    0.0159920100    0.0000941000
  -0.0000740000    0.0160301100    0.0001769600
  -0.0000022700    0.0160235600    0.0001015300
  -0.0000617500    0.0038553400   -0.0018830700
  -0.0000599100    0.0062089900    0.0001413300
   0.0000035300    0.0049349100    0.0010189800
   0.0000054100    0.0051808600    0.0011846500
   0.0000067500    0.0058301200    0.0006017400
   0.0000058300    0.0056103900    0.0004068100
  -0.0000666200    0.0062235600    0.0001009700
  -0.0000606200    0.0039542000   -0.0019478900
  -0.0018391700    0.0406481500    0.0150520600
  -0.0000265200    0.0046731600    0.0003899500
   0.0003114100    0.0049466000    0.0025734800
   0.0000032400    0.0054803800    0.0006130300
   0.0000027300    0.0054923600    0.0001728600
  -0.0000003900    0.0057909900    0.0004768100
  -0.0000223100    0.0053373000   -0.0000772100
  -0.0000026400    0.0048138600    0.0000250700
  -0.0000574400   -0.0054106300    0.0000358900
  -0.0000047000   -0.0054724200    0.0000148500
   0.0000000500   -0.0054740400   -0.0000259600
   0.0000017700   -0.0054658300    0.0000381800
  -0.0000017600   -0.0054491800   -0.0000125900
  -0.0000020300   -0.0054710300    0.0000272400
  -0.0000262500   -0.0055071800    0.0000032200
   0.0000046500   -0.0054739900    0.0000295900
   0.0001752500   -0.0054986500    0.0000673700
   0.0000135900   -0.0055073400    0.0000165200
   0.0000167500   -0.0054797400   -0.0000076100
   0.0000024600   -0.0054761500    0.0000503800
   0.0000000500   -0.0055055500   -0.0000134900
  -0.0000027200   -0.0054883500   -0.0000267300
  -0.0000026200   -0.0055121000   -0.0000486300
   0.0000032600   -0.0054840300    0.0000111200
  -0.0000019500   -0.0159874800    0.0000166600
  -0.0000004900   -0.0159702800    0.0000006000
  -0.0000005200   -0.0159686300   -0.0000121000
   0.0000007100   -0.0159824300   -0.0000134700
  -0.0000001200   -0.0160219700    0.0000225800
   0.0000009100   -0.0159582700   -0.0000187100
   0.0000033800   -0.0159932900    0.0000268900
   0.0000021900   -0.0159759900   -0.0000039300
  -0.0000034000   -0.0160337600    0.0001045900
  -0.0000028000   -0.0160379500    0.0001017900
   0.0000000300   -0.0159986700    0.0000840100
   0.0000017200   -0.0160016600    0.0000772500
   0.0000001700   -0.0159560800    0.0000774700
  -0.0000004400   -0.0159757900    0.0000443600
   0.0000002900   -0.0160108400    0.0000752200
   0.0000010800   -0.0160099900    0.0000854400
   0.0000451100    0.0161243900   -0.0002120900
  -0.0000263500    0.0160587600   -0.0000712300
  -0.0000181100    0.0159998300    0.0000187900
  -0.0000207800    0.0160037200   -0.0000550900
  -0.0000031400    0.0159782800   -0.0000173500
   0.0000101200    0.0159704200   -0.0000120800
   0.0000156400    0.0159913400    0.0000673400
   0.0000024000    0.0159863900    0.0000030100
  -0.0000736500    0.0159812400    0.0001552400
  -0.0000144200    0.0159808300    0.0000508900
  -0.0000041400    0.0160067900    0.0001252500
  -0.0000011500    0.0160061000    0.0001025000
   0.0000014500    0.0160034000    0.0000785000
   0.0000011800    0.0159682100    0.0000788100
  -0.0000180900    0.0160410600    0.0001826500
   0.0000007600    0.0159810100    0.0000958400
   0.0000014200    0.0054856100    0.0000310100
  -0.0000018000    0.0055107400    0.0000114300
   0.0000009900    0.0054536600   -0.0000056500
   0.0000032800    0.0054752300    0.0000369400
   0.0000029700    0.0054444300    0.0000331300
   0.0000015100    0.0054688800    0.0000244100
   0.0000009600    0.0054638000    0.0000548000
   0.0000009700    0.0054632800    0.0000113100
  -0.0000081100    0.0054427300   -0.0000042200
   0.0000006800    0.0054835200    0.0000129100
   0.0000002800    0.0054961000   -0.0000205400
   0.0000002600    0.0054757500   -0.0000223400
   0.0000002300    0.0055249600   -0.0000167800
   0.0000021500    0.0055030000    0.0000386700
   0.0000023700    0.0054941100   -0.0000001800
   0.0000036800    0.0055053100   -0.0000191600
   0.0000570400   -0.0053523800    0.0000751100
   0.0000055300   -0.0054724900    0.0000195100
   0.0000008400   -0.0054656500    0.0000056400
  -0.0000035900   -0.0054676000    0.0000577200
  -0.0000006300   -0.0054880600   -0.0000278400
   0.0000010800   -0.0054800100    0.0000118800
   0.0000280300   -0.0054008300   -0.0000348700
  -0.0000063900   -0.0054779600   -0.0000182400
  -0.0000648000   -0.0055521500   -0.0001120500
  -0.0000106500   -0.0055661700    0.0000313400
  -0.0000003800   -0.0055148800   -0.0000172900
   0.0000004300   -0.0054952200    0.0000461100
  -0.0000005100   -0.0055019900   -0.0000026200
   0.0000024100   -0.0054950900   -0.0000115600
   0.0000049500   -0.0055061400   -0.0000036200
  -0.0000031300   -0.0055094400    0.0000066000

33   
 -0.0046257503802354  -0.0058004478369895  -0.0067050159067758
   0.0000334100   -0.0161276500   -0.0000304300
  -0.0266044300   -0.0587138200   -0.1066089000
  -0.0000023800   -0.0161962200    0.0000422800
   0.0021482800   -0.0120276800    0.0045134700
  -0.0000011200   -0.0158985600    0.0003508400
  -0.0000152700   -0.0160006200    0.0004791100
   0.0000001700   -0.0164539600    0.0006461100
  -0.0000840400   -0.0168303900    0.0004935700
  -0.0002436600   -0.0137872400    0.0001468700
  -0.0018441800   -0.0114904500   -0.0121453200
   0.0000085800   -0.0158347200    0.0000880700
  -0.0002672600   -0.0142089200    0.0031249200
  -0.0000030200   -0.0166662400    0.0006681000
   0.0000011600   -0.0166078900    0.0003334300
   0.0000103300   -0.0159564300   -0.0000818000
  -0.0002717800   -0.0169523100    0.0006712200
   0.0000014200    0.0160140600   -0.0000668700
  -0.0001736000    0.0160891100    0.0001044400
   0.0000015500    0.0160226000   -0.0000180300
  -0.0000405000    0.0160904800   -0.0001667300
   0.0000004800    0.0160489500   -0.0000310000
  -0.0000027200    0.0160338200   -0.0000099600
  -0.0000102800    0.0160193900   -0.0000192300
   0.0000067900    0.0160294300   -0.0000158800
   0.0000326900    0.0158752600   -0.0001460300
   0.0000102600    0.0158706800   -0.0001126000
   0.0000073300    0.0159811000   -0.0000937300
  -0.0000552700    0.0158832300   -0.0000983800
  -0.0000115800    0.0159913100   -0.0001184400
   0.0000056300    0.0159881000   -0.0000921100
   0.0000009600    0.0159592600   -0.0001316300
   0.0000117700    0.0159803800   -0.0000850300
   0.0650128200    0.3564912900    0.3986362400
  -0.0000154700    0.0051568300   -0.0002764900
   0.0000490700    0.0066299600   -0.0001974600
  -0.0000009500    0.0053288100   -0.0002981700
   0.0000052600    0.0060629900   -0.0001339000
  -0.0000002000    0.0058800000   -0.0000466400
   0.0000397400    0.0075967700   -0.0010727400
  -0.0000011600    0.0057861600   -0.0007355300
   0.0000259400    0.0050118900    0.0006917300
   0.0018659900   -0.0332350100   -0.0118664000
  -0.0000001000    0.0058491100    0.0001919900
   0.0000255900    0.0069054100   -0.0010496700
  -0.0000009000    0.0057601300   -0.0010041500
   0.0000012100    0.0058449600   -0.0005103900
  -0.0000012200    0.0049704100   -0.0001780800
  -0.0003086400    0.0051770300   -0.0018302900
  -0.0000596400   -0.0053138500   -0.0000861600
  -0.0001882900   -0.0053731000   -0.0000918500
  -0.0000042300   -0.0054497600   -0.0000112200
   0.0000206100   -0.0054189400    0.0000389000
  -0.0000011600   -0.0054877100    0.0000025800
  -0.0000016900   -0.0054434700   -0.0000138600
   0.0000047900   -0.0054427500    0.0000036200
   0.0000022500   -0.0054739600   -0.0000059000
  -0.0000494300   -0.0053588400   -0.0000068100
  -0.0000747500   -0.0054012400   -0.0000836900
   0.0000046900   -0.0054379600   -0.0000348600
   0.0000055300   -0.0054119300    0.0000223200
  -0.0000019600   -0.0054039900    0.0000326300
  -0.0000031100   -0.0054118800    0.0000126500
   0.0000038000   -0.0053879700    0.0000533800
   0.0000099200   -0.0054217600    0.0000139900
  -0.0000011500   -0.0160077000   -0.0000143800
   0.0000008600   -0.0160000300   -0.0000036300
  -0.0000022200   -0.0160181800    0.0000301900
  -0.0000028900   -0.0160361700    0.0000200300
   0.0000020500   -0.0160510900    0.0000053000
  -0.0000003700   -0.0160128000    0.0000066400
  -0.0000018500   -0.0160151800   -0.0000145400
  -0.0000001200   -0.0160230600   -0.0000300800
  -0.0000009400   -0.0159710300   -0.0001247200
   0.0000011300   -0.0159849300   -0.0000825000
   0.0000006000   -0.0159828700   -0.0001017800
   0.0000000000   -0.0159608100   -0.0001012000
   0.0000022900   -0.0159679400   -0.0000663700
  -0.0000001700   -0.0160043800   -0.0000792300
   0.0000016600   -0.0159768700   -0.0000878900
   0.0000040900   -0.0159862400   -0.0000740300
   0.0000023800    0.0160032800   -0.0000973000
  -0.0002723900    0.0161846600    0.0000507000
  -0.0000011400    0.0160381100   -0.0000084000
   0.0000431500    0.0160642100   -0.0001509100
  -0.0000026300    0.0160281800   -0.0000257800
   0.0000025200    0.0160150600    0.0000034500
   0.0000069000    0.0160324500   -0.0000400800
  -0.0000002400    0.0160238500    0.0000063500
  -0.0000410600    0.0157786900   -0.0001359100
   0.0000702300    0.0158827400   -0.0000874400
  -0.0000042100    0.0159720100   -0.0001140400
   0.0000447400    0.0159347200   -0.0000639700
   0.0000065700    0.0160261600   -0.0001426900
  -0.0000049800    0.0159628600   -0.0000718600
  -0.0000033700    0.0159838900   -0.0001175700
  -0.0000188900    0.0160169100   -0.0000977300
  -0.0000447500    0.0054883000   -0.0000155800
  -0.0000015800    0.0054588000   -0.0000149500
  -0.0000027100    0.0054536500   -0.0000176400
   0.0000010800    0.0054824100   -0.0000396300
   0.0000003800    0.0054929500   -0.0000028400
   0.0000020200    0.0054281900   -0.0000105900
   0.0000046800    0.0054742800   -0.0000138200
   0.0000009500    0.0054864900    0.0000057700
  -0.0000014400    0.0054565300   -0.0000093100
   0.0000032700    0.0054187100   -0.0000057100
  -0.0000002400    0.0054361000    0.0000077900
   0.0000004300    0.0054455600   -0.0000268700
   0.0000052200    0.0054386100    0.0000108500
   0.0000027000    0.0053974700   -0.0000166200
   0.0000015500    0.0054453400    0.0000052700
   0.0000012800    0.0054275600    0.0000015900
   0.0000588600   -0.0052290900   -0.0000881900
  -0.0002551300   -0.0054340000   -0.0000851000
   0.0000046800   -0.0054630700   -0.0000131500
  -0.0000215000   -0.0054238200    0.0000339400
  -0.0000028000   -0.0054616000   -0.0000040200
  -0.0000027800   -0.0054808900   -0.0000026400
  -0.0000062900   -0.0054335000    0.0000489500
   0.0000035600   -0.0054664200    0.0000080300
   0.0000541000   -0.0052945700    0.0000458600
   0.0000751400   -0.0053211200   -0.0000366300
  -0.0000057700   -0.0054416000   -0.0000091100
  -0.0000074800   -0.0054101600   -0.0000250700
  -0.0000019100   -0.0053917800   -0.0000109100
  -0.0000033500   -0.0053962300    0.0000328100
  -0.0000083100   -0.0053888200    0.0000484500
  -0.0000110700   -0.0053659300   -0.0000611100
   0.0022031900   -0.0134631800   -0.0052802400
   0.0000276400   -0.0167069900   -0.0014063400
   0.0000479300   -0.0169961700   -0.0010778000
  -0.0000989300   -0.0161530700    0.0001435700
  -0.0000023400   -0.0159598000    0.0005810300
  -0.0000081000   -0.0157150300    0.0007115400
  -0.0000120400   -0.0165835000    0.0011500500
   0.0000310200   -0.0166925100    0.0010063900
  -0.0265795900   -0.1605948400   -0.0707032200
  -0.0000235100   -0.0156875500   -0.0004063100
   0.0000119900   -0.0165975200    0.0015985000
  -0.0000103500   -0.0157789300    0.0002418900
   0.0000001500   -0.0165812400    0.0003896700
   0.0000050300   -0.0164430500    0.0009071600
   0.0000055900   -0.0174286200    0.0009749000
  -0.0000078200   -0.0163820500   -0.0003263300
   0.0000282300    0.0159525600   -0.0001482000
  -0.0000000200    0.0159623100   -0.0000437000
   0.0000018900    0.0160314400   -0.0000242800
  -0.0000020000    0.0160396100    0.0000115300
  -0.0000068100    0.0160334400    0.0000115800
  -0.0000122200    0.0160113900    0.0000497500
   0.0000045700    0.0160286600   -0.0000211800
   0.0000102200    0.0160202600   -0.0000135700
  -0.0000941100    0.0160225500   -0.0000026500
  -0.0000004200    0.0159083400   -0.0001058600
  -0.0000077100    0.0160188900   -0.0001149900
   0.0000015100    0.0159979000   -0.0001036200
  -0.0000037500    0.0159566400   -0.0001038200
  -0.0000097400    0.0159644300   -0.0000929700
   0.0000024300    0.0159410000   -0.0000958100
  -0.0000004400    0.0160017800   -0.0000943800
  -0.0002921100    0.0026973900   -0.0007786500
  -0.0002900500    0.0026776800   -0.0007429800
   0.0000217100    0.0051780400    0.0003780700
   0.0000239900    0.0040583900   -0.0005845700
  -0.0000012300    0.0061192900   -0.0001445200
   0.0000018300    0.0061135200   -0.0001208200
   0.0000234700    0.0054901600   -0.0017866000
   0.0000183800    0.0066200300   -0.0008475600
   0.0019334100    0.0089524000    0.0247398400
   0.0000263900    0.0043162100    0.0000559000
   0.0000244700    0.0069320900   -0.0010121400
   0.0000026900    0.0055665000   -0.0000208200
   0.0000004900    0.0058680400   -0.0004826400
   0.0000014000    0.0059350800   -0.0008370200
  -0.0003135800    0.0030987900   -0.0036180900
  -0.0000044900    0.0051874900    0.0000019800
  -0.0001958500   -0.0054345300   -0.0000355700
  -0.0000461900   -0.0053797900   -0.0000440900
   0.0000008500   -0.0054658800    0.0000136800
  -0.0000091700   -0.0054479700   -0.0000539700
  -0.0000025100   -0.0054449500    0.0000065300
   0.0000011000   -0.0055020800   -0.0000174200
  -0.0000011400   -0.0054720800    0.0000287300
  -0.0000004100   -0.0054507000   -0.0000504000
  -0.0000101500   -0.0054139000    0.0000804200
  -0.0000290900   -0.0053128700    0.0000276300
  -0.0000002500   -0.0054037500    0.0000115600
   0.0000105200   -0.0054190400   -0.0000221500
  -0.0000039300   -0.0054336700    0.0000269300
  -0.0000009800   -0.0053909500    0.0000422900
  -0.0000105700   -0.0054330400    0.0000276700
  -0.0000072200   -0.0054126800   -0.0000195700
   0.0000009300   -0.0160673200   -0.0000311200
   0.0000036600   -0.0160290400    0.0000081600
   0.0000015500   -0.0160230600   -0.0000151200
   0.0000015300   -0.0160117400    0.0000088500
   0.0000038000   -0.0160254900   -0.0000048800
   0.0000017500   -0.0160452900    0.0000113200
   0.0000026200   -0.0160750200   -0.0000160000
   0.0000020400   -0.0160532900    0.0000035300
  -0.0000119200   -0.0160093700   -0.0000717000
   0.0000015100   -0.0160191700   -0.0000831700
   0.0000008900   -0.0160057300   -0.0000905400
   0.0000022000   -0.0159960600   -0.0001047900
   0.0000008500   -0.0159745400   -0.0001059700
   0.0000028300   -0.0160027000   -0.0000416100
   0.0000033900   -0.0160111000   -0.0000550700
   0.0000028800   -0.0160039200   -0.0000771000
  -0.0000271400    0.0159211900   -0.0002332300
  -0.0000003800    0.0159664000   -0.0000342600
  -0.0000044500    0.0160334000   -0.0000336200
  -0.0000034200    0.0160587200    0.0000245100
   0.0000035500    0.0159982700    0.0000069100
   0.0000090300    0.0160465400    0.0000338000
  -0.0000054000    0.0160068900   -0.0000018700
  -0.0000125700    0.0160196600   -0.0000068200
  -0.0004196900    0.0157707400    0.0000125400
   0.0000052000    0.0158113800   -0.0001034300
   0.0000084000    0.0160047300   -0.0001471100
  -0.0000018500    0.0159684400   -0.0000677200
   0.0000010600    0.0159906100   -0.0001039600
   0.0000064200    0.0159912800   -0.0001004000
  -0.0000020600    0.0159551800   -0.0000599700
  -0.0000014600    0.0159611500   -0.0001013400
  -0.0000002200    0.0054809900   -0.0000515000
   0.0000011100    0.0054869000    0.0000090300
   0.0000010300    0.0054788300   -0.0000271700
   0.0000004100    0.0054538600   -0.0000396700
   0.0000038700    0.0054597000   -0.0000037000
   0.0000003900    0.0054557200   -0.0000177000
   0.0000017400    0.0054428200   -0.0000206900
   0.0000042000    0.0054731100   -0.0000131700
   0.0000053400    0.0054061000    0.0000437000
  -0.0000010700    0.0053894600    0.0000052800
  -0.0000000300    0.0054012100    0.0000025300
   0.0000026400    0.0054071100    0.0000017900
   0.0000024700    0.0054227400   -0.0000058800
   0.0000005700    0.0054444500   -0.0000175900
   0.0000031000    0.0054048700   -0.0000091200
   0.0000030700    0.0053902000    0.0000090300
   0.0001656700   -0.0051766000   -0.0000173100
   0.0000296900   -0.0053074000   -0.0000373300
  -0.0000124000   -0.0054572500   -0.0000330000
   0.0000072800   -0.0054498800   -0.0000526800
  -0.0000026800   -0.0054658100    0.0000076400
  -0.0000013900   -0.0054896700   -0.0000298700
  -0.0000104700   -0.0054641800    0.0000404600
  -0.0000041000   -0.0054654700   -0.0000133900
  -0.0000972100   -0.0053365100    0.0000220800
   0.0000302100   -0.0053093100    0.0000319400
  -0.0000024400   -0.0054097700    0.0000026000
  -0.0000100800   -0.0054391700   -0.0000249400
  -0.0000014400   -0.0053946600   -0.0000074800
   0.0000012500   -0.0054105200    0.0000122300
  -0.0000090300   -0.0054663800    0.0000330800
   0.0000062100   -0.0053925800   -0.0000069500
   0.0000316200   -0.0157170400    0.0003768400
  -0.0273274200   -0.1332816900   -0.1674905700
  -0.0000023300   -0.0164435600    0.0006475400
  -0.0000805300   -0.0172305500    0.0000339900
  -0.0000019100   -0.0162734000   -0.0000234200
  -0.0000143600   -0.0164747500    0.0000665800
  -0.0000031700   -0.0157160900    0.0004503300
   0.0021388200   -0.0206460800   -0.0029660600
  -0.0001412200   -0.0168796800    0.0000083000
   0.0022359300   -0.0158953400    0.0083130700
   0.0000024400   -0.0165198700    0.0000138200
   0.0000308500   -0.0160841200    0.0001104600
   0.0000027900   -0.0156605900    0.0006589000
   0.0000322200   -0.0158668800    0.0002333300
  -0.0001444000   -0.0163302400    0.0004091300
   0.0022196500   -0.0223183400    0.0026012800
   0.0000009200    0.0159012600    0.0001026500
  -0.0004290500    0.0159355100    0.0000559600
  -0.0000059400    0.0159868400   -0.0000005400
   0.0000033600    0.0159815900   -0.0000375700
  -0.0000056300    0.0159483500   -0.0000509000
   0.0000009900    0.0159848600   -0.0000086300
   0.0000027600    0.0159911700   -0.0000222800
   0.0000082200    0.0159660300   -0.0000470200
  -0.0000123600    0.0159870700    0.0001522500
  -0.0000565500    0.0157748600    0.0002090600
  -0.0000023800    0.0159739900    0.0000697200
  -0.0000006000    0.0159721500    0.0000844700
   0.0000012800    0.0160111400    0.0000588300
   0.0000013700    0.0159967700    0.0000566100
  -0.0000043900    0.0160015700    0.0000652700
   0.0000268900    0.0160643400    0.0000779400
   0.0018915500    0.0233381900   -0.0312127300
  -0.0000077000    0.0057136500   -0.0000204800
   0.0000029500    0.0056267700   -0.0006410200
  -0.0000002400    0.0057822600   -0.0006324700
   0.0000010100    0.0054683800   -0.0005478500
  -0.0000001800    0.0053094500   -0.0002414500
   0.0020422600    0.0200110900   -0.0286292500
  -0.0000077100    0.0058952100   -0.0001505200
   0.0000247100    0.0056101400   -0.0010667600
   0.0018939100    0.0124941400    0.0216291100
  -0.0000019300    0.0057909000   -0.0004510400
  -0.0003056300    0.0040144100   -0.0043454200
   0.0000010100    0.0054135300   -0.0003065500
   0.0000024300    0.0055326800   -0.0001197900
   0.0000027900    0.0059227000   -0.0002607600
   0.0000235100    0.0057723500    0.0000817800
   0.0000141800   -0.0055108900    0.0000209100
   0.0001523700   -0.0054147300    0.0000988300
  -0.0000031800   -0.0054983800    0.0000261700
  -0.0000030800   -0.0054585100    0.0000304000
   0.0000018300   -0.0054763400    0.0000499600
   0.0000010500   -0.0054519700    0.0000283600
  -0.0000012000   -0.0054709300    0.0000631800
  -0.0000134900   -0.0054273800   -0.0000508800
  -0.0000174400   -0.0054471200    0.0000061200
   0.0000283500   -0.0054928100   -0.0000311800
   0.0000030700   -0.0055627700    0.0000001200
  -0.0000145500   -0.0055527800   -0.0000768300
  -0.0000018700   -0.0055150100    0.0000373300
  -0.0000010900   -0.0055118200    0.0000277900
   0.0000023900   -0.0054939300    0.0000230000
  -0.0000002700   -0.0054974300   -0.0000270800
  -0.0000024000   -0.0159743600   -0.0000102600
  -0.0000021000   -0.0159555700    0.0000297000
   0.0000024300   -0.0159793900   -0.0000163800
   0.0000004700   -0.0160042000   -0.0000020800
   0.0000017600   -0.0160122800    0.0000213300
   0.0000022800   -0.0159670300    0.0000080900
   0.0000016500   -0.0159692200    0.0000202100
   0.0000021800   -0.0159584400    0.0000026400
   0.0000002100   -0.0159576500    0.0001080500
  -0.0000033300   -0.0159815500    0.0000856000
   0.0000016000   -0.0159662800    0.0000571200
   0.0000012800   -0.0159770800    0.0001141900
   0.0000031300   -0.0159410600    0.0001171600
   0.0000044800   -0.0160036500    0.0000730600
   0.0000017200   -0.0159500900    0.0001025500
  -0.0000004500   -0.0159972400    0.0000871900
   0.0000040600    0.0158843100    0.0001109700
  -0.0000053200    0.0160067500    0.0000985700
   0.0000056200    0.0159683400   -0.0000173700
  -0.0000031500    0.0159798100   -0.0000306700
   0.0000047200    0.0159542800   -0.0000388000
  -0.0000065600    0.0159591500   -0.0000391100
  -0.0000055100    0.0160083400    0.0000023700
  -0.0000065300    0.0159376800   -0.0000622100
   0.0000164100    0.0160235600    0.0001557200
   0.0000574200    0.0158328400    0.0001486900
   0.0000021500    0.0159920500    0.0001223900
  -0.0000009400    0.0159837100    0.0000421500
  -0.0000059700    0.0159998000    0.0000385600
  -0.0000025500    0.0160110300    0.0000777200
   0.0000044200    0.0159912800    0.0000309900
  -0.0000298300    0.0160972300    0.0001028200
   0.0000042200    0.0054415400    0.0000005400
  -0.0000027300    0.0054601000    0.0000594400
  -0.0000021200    0.0054594600    0.0000397200
   0.0000017100    0.0054644000    0.0000117900
  -0.0000003000    0.0054962500   -0.0000069500
  -0.0000003700    0.0054394100   -0.0000213000
   0.0000069500    0.0054847500   -0.0000028100
  -0.0000006600    0.0054864700   -0.0000163200
  -0.0000003000    0.0055735700   -0.0000139900
   0.0000056400    0.0055319700   -0.0000117000
  -0.0000031900    0.0054984400    0.0000148500
  -0.0000054600    0.0055385900    0.0000267000
   0.0000025300    0.0055158300   -0.0000120200
  -0.0000011100    0.0054960900    0.0000236000
   0.0000002000    0.0055630800    0.0000015300
   0.0000019800    0.0055043700   -0.0000127800
  -0.0000087700   -0.0054995600    0.0000118700
  -0.0001015800   -0.0055336200   -0.0000249200
   0.0000007600   -0.0055035000    0.0000475600
   0.0000002700   -0.0055016100    0.0000427900
  -0.0000052900   -0.0054789500    0.0000268200
  -0.0000036900   -0.0054524200    0.0000050800
   0.0000001400   -0.0054852700    0.0000323900
   0.0000638400   -0.0055410700    0.0000600700
   0.0000211300   -0.0053916700   -0.0000317900
  -0.0000286200   -0.0054148000   -0.0000699900
  -0.0000077000   -0.0055281800   -0.0000304200
   0.0000148600   -0.0055241900   -0.0000188700
  -0.0000007500   -0.0055086700    0.0000716300
  -0.0000016200   -0.0054723400    0.0000364900
  -0.0000075100   -0.0054888500    0.0000492600
   0.0000020500   -0.0055204700    0.0000016200
   0.0021955200   -0.0100306800   -0.0022796600
   0.0000307100   -0.0146225100    0.0006995900
  -0.0000117200   -0.0173573300    0.0004956300
   0.0000315500   -0.0161693800    0.0014612800
  -0.0000003800   -0.0164903700    0.0000649100
  -0.0000078500   -0.0164271500   -0.0000097200
   0.0000481600   -0.0142381500    0.0010886300
  -0.0000995400   -0.0162397600   -0.0000506200
  -0.0016473500   -0.0318498200   -0.0051058600
   0.0000081500   -0.0162158600    0.0007649700
   0.0000163600   -0.0160840800    0.0002072400
   0.0000011400   -0.0162691800    0.0002764500
   0.0000172300   -0.0159206200    0.0003080600
  -0.0000003000   -0.0158960800    0.0005537000
  -0.0016471400   -0.0162796300    0.0083245100
   0.0000088900   -0.0163666300    0.0005172500
   0.0000457500    0.0159056900    0.0001216200
  -0.0000219000    0.0159093200    0.0000466600
  -0.0000100300    0.0159738700   -0.0000658500
  -0.0000235400    0.0159596600    0.0000126200
  -0.0000030100    0.0159908600   -0.0000065900
   0.0000091200    0.0159681300    0.0000014200
   0.0000165300    0.0159776500   -0.0000526200
   0.0000019000    0.0159347500   -0.0000183900
   0.0000208100    0.0160368600    0.0000350300
  -0.0000080300    0.0160159000    0.0001714400
   0.0000005600    0.0160196400    0.0000619700
  -0.0000026900    0.0159964000    0.0000561900
  -0.0000044600    0.0159729000    0.0000696900
  -0.0000020100    0.0160159000    0.0000620000
   0.0000737700    0.0159345100    0.0000419400
   0.0000028600    0.0160277900    0.0000734000
   0.0000655800    0.0069516400    0.0019055800
   0.0000672100    0.0046833400   -0.0000608000
  -0.0000083000    0.0059736800   -0.0009068900
  -0.0000066000    0.0057536400   -0.0011394200
  -0.0000050600    0.0050980900   -0.0005959500
  -0.0000065600    0.0053454100   -0.0003883300
   0.0000603900    0.0046293800   -0.0000414500
   0.0000658000    0.0069763300    0.0019109500
   0.0020581100   -0.0302205000   -0.0153219800
   0.0000245700    0.0063297900   -0.0004044400
  -0.0003037700    0.0061113300   -0.0025487700
  -0.0000005400    0.0055077300   -0.0006700900
   0.0000003400    0.0054690100   -0.0001179700
  -0.0000008000    0.0052094500   -0.0004441900
   0.0000248700    0.0057693200    0.0000512500
  -0.0000005300    0.0061627100   -0.0000461100
   0.0000542400   -0.0054958200    0.0000186700
   0.0000090200   -0.0054681900    0.0000451900
  -0.0000000600   -0.0054511200    0.0000416000
  -0.0000023400   -0.0054796000   -0.0000056500
  -0.0000034700   -0.0054546100    0.0000299500
  -0.0000007000   -0.0054910100   -0.0000218700
   0.0000317700   -0.0054551300    0.0000692300
  -0.0000049800   -0.0054779200    0.0000363100
  -0.0001741800   -0.0055463700   -0.0000500700
  -0.0000164400   -0.0054193000   -0.0000318100
  -0.0000193900   -0.0055035700    0.0000205500
   0.0000061900   -0.0055285000   -0.0000133100
  -0.0000012200   -0.0055022900    0.0000158400
   0.0000023500   -0.0054905500    0.0000062800
  -0.0000022900   -0.0055108400   -0.0000181300
  -0.0000054700   -0.0054973100   -0.0000025800
   0.0000003300   -0.0159890400    0.0000099400
   0.0000005400   -0.0159688200   -0.0000076600
  -0.0000002300   -0.0159707300    0.0000005500
   0.0000017600   -0.0159781800   -0.0000024100
   0.0000009500   -0.0160218200    0.0000266500
   0.0000012200   -0.0159571700   -0.0000103300
   0.0000044300   -0.0159936600    0.0000391600
   0.0000037600   -0.0159897300   -0.0000027800
   0.0000005500   -0.0160146300    0.0001081900
  -0.0000020500   -0.0160350700    0.0001017200
   0.0000007600   -0.0159976500    0.0000939000
   0.0000022100   -0.0159997600    0.0000752700
   0.0000008200   -0.0159517200    0.0000830300
   0.0000000200   -0.0159856800    0.0000404900
   0.0000045300   -0.0160173500    0.0000603200
   0.0000021600   -0.0160088800    0.0000907300
  -0.0000435300    0.0158624200    0.0001968300
   0.0000257400    0.0158894200    0.0000397500
   0.0000113200    0.0159987300   -0.0000426200
   0.0000191100    0.0159500900   -0.0000042700
  -0.0000005700    0.0159533400   -0.0000362600
  -0.0000114700    0.0159824000    0.0000259100
  -0.0000202300    0.0159745800   -0.0000409900
  -0.0000043600    0.0159373100   -0.0000290600
   0.0000752000    0.0160264100    0.0001133000
   0.0000112200    0.0159909900    0.0001576200
  -0.0000046600    0.0160012900    0.0000962400
   0.0000010100    0.0159937600    0.0000661000
   0.0000012700    0.0160122200    0.0000523800
  -0.0000009900    0.0159864200    0.0000395500
   0.0000205400    0.0159172000   -0.0000675800
  -0.0000052200    0.0160000200    0.0000743900
   0.0000011100    0.0054783400    0.0000347600
  -0.0000021100    0.0054934600    0.0000170300
   0.0000017400    0.0054581800   -0.0000109600
   0.0000038200    0.0054735900    0.0000261900
   0.0000036100    0.0054433500    0.0000300200
   0.0000020400    0.0054686500    0.0000164800
   0.0000008900    0.0054685800    0.0000420000
   0.0000014600    0.0054651300    0.0000010800
   0.0000075000    0.0054374800   -0.0000210900
   0.0000016800    0.0055068800    0.0000042900
  -0.0000008200    0.0054958900   -0.0000230500
  -0.0000000800    0.0054759900   -0.0000090000
   0.0000010400    0.0055232600   -0.0000138100
   0.0000022000    0.0055004300    0.0000263400
   0.0000030200    0.0054931900    0.0000111400
   0.0000038000    0.0055009000   -0.0000297700
  -0.0000578800   -0.0055739500    0.0000272200
  -0.0000100100   -0.0054759800    0.0000349400
  -0.0000040600   -0.0054480300    0.0000731000
   0.0000014000   -0.0054773200    0.0000136200
  -0.0000033700   -0.0054956700    0.0000170200
   0.0000006500   -0.0054970100   -0.0000399300
  -0.0000327800   -0.0054880900    0.0000642600
   0.0000010300   -0.0054923400    0.0000027700
   0.0000610600   -0.0054905400   -0.0000189000
   0.0000120400   -0.0054115800   -0.0000396900
  -0.0000015900   -0.0055218700    0.0000266900
  -0.0000039200   -0.0055442900   -0.0000245500
  -0.0000003500   -0.0055005900    0.0000273400
  -0.0000011500   -0.0055000500    0.0000215900
   0.0000004400   -0.0055049300    0.0000273400
   0.0000050400   -0.0055287500    0.0000083000